#LockIn1 SR830 Sensitivity: 1.000000E-2V
#Wait time:    aussen: 2.000 s    1.innen: 1.000 s    innen: 0.500 s
#Zaehler	SM XPS1	CHX	CHXErr	CHY	CHYErr	MessZeit(s)	ZeitproPunkt(s)
NaN	4.1000000E+0	3.2902000E-5	1.8189894E-13	-2.8610400E-6	1.6077747E-14	2.2300000E-1	1.8260000E+0
NaN	4.1010000E+0	3.2425200E-5	1.8189894E-13	-2.8610400E-6	1.6077747E-14	1.5600000E-1	8.6000000E-1
NaN	4.1020000E+0	3.2711280E-5	1.1679167E-7	-2.8610400E-6	1.6077747E-14	1.4300000E-1	8.4600000E-1
NaN	4.1030000E+0	3.2425200E-5	1.8189894E-13	-2.3842000E-6	0.0000000E+0	1.5800000E-1	8.6200000E-1
NaN	4.1040000E+0	3.2425200E-5	1.8189894E-13	-2.3842000E-6	0.0000000E+0	1.5400000E-1	8.5600000E-1
NaN	4.1050000E+0	3.2425200E-5	1.8189894E-13	-2.8610400E-6	1.6077747E-14	1.6000000E-1	8.6400000E-1
NaN	4.1060000E+0	3.2425200E-5	1.8189894E-13	-2.8610400E-6	1.6077747E-14	1.5300000E-1	8.5700000E-1
NaN	4.1070000E+0	3.2425200E-5	1.8189894E-13	-2.3842000E-6	0.0000000E+0	1.4600000E-1	8.4800000E-1
NaN	4.1080000E+0	3.2425200E-5	1.8189894E-13	-2.3842000E-6	0.0000000E+0	1.5000000E-1	8.5300000E-1
NaN	4.1090000E+0	3.2425200E-5	1.8189894E-13	-2.3842000E-6	0.0000000E+0	1.5000000E-1	8.5300000E-1
NaN	4.1100000E+0	3.2902000E-5	1.8189894E-13	-2.3842000E-6	0.0000000E+0	1.4900000E-1	8.5200000E-1
NaN	4.1110000E+0	3.2425200E-5	1.8189894E-13	-2.7656720E-6	9.5368000E-8	1.5200000E-1	8.5500000E-1
NaN	4.1120000E+0	3.2806640E-5	9.5360000E-8	-2.3842000E-6	0.0000000E+0	1.4800000E-1	8.5100000E-1
NaN	4.1130000E+0	3.2902000E-5	1.8189894E-13	-2.3842000E-6	0.0000000E+0	1.4000000E-1	8.4400000E-1
NaN	4.1140000E+0	3.2425200E-5	1.8189894E-13	-2.3842000E-6	0.0000000E+0	1.4300000E-1	8.4600000E-1
NaN	4.1150000E+0	3.2425200E-5	1.8189894E-13	-2.6703040E-6	1.1680147E-7	1.5000000E-1	8.5200000E-1
NaN	4.1160000E+0	3.2425200E-5	1.8189894E-13	-2.3842000E-6	0.0000000E+0	1.5400000E-1	8.5800000E-1
NaN	4.1170000E+0	3.2425200E-5	1.8189894E-13	-2.3842000E-6	0.0000000E+0	1.5000000E-1	8.5200000E-1
NaN	4.1180000E+0	3.2615920E-5	1.1679167E-7	-2.3842000E-6	0.0000000E+0	1.4900000E-1	8.5300000E-1
NaN	4.1190000E+0	3.2425200E-5	1.8189894E-13	-2.3842000E-6	0.0000000E+0	1.4800000E-1	8.5000000E-1
NaN	4.1200000E+0	3.2425200E-5	1.8189894E-13	-2.3842000E-6	0.0000000E+0	1.4600000E-1	8.4900000E-1
NaN	4.1210000E+0	3.2425200E-5	1.8189894E-13	-2.3842000E-6	0.0000000E+0	1.4900000E-1	8.5300000E-1
NaN	4.1220000E+0	3.2425200E-5	1.8189894E-13	-2.3842000E-6	0.0000000E+0	1.5800000E-1	8.6100000E-1
NaN	4.1230000E+0	3.2425200E-5	1.8189894E-13	-2.3842000E-6	0.0000000E+0	1.4800000E-1	8.4900000E-1
NaN	4.1240000E+0	3.2902000E-5	1.8189894E-13	-2.3842000E-6	0.0000000E+0	1.5600000E-1	8.6000000E-1
NaN	4.1250000E+0	3.2902000E-5	1.8189894E-13	-2.3842000E-6	0.0000000E+0	1.5200000E-1	8.5500000E-1
NaN	4.1260000E+0	3.2902000E-5	1.8189894E-13	-2.3842000E-6	0.0000000E+0	1.5400000E-1	8.5700000E-1
NaN	4.1270000E+0	3.2425200E-5	1.8189894E-13	-2.3842000E-6	0.0000000E+0	1.4400000E-1	8.4600000E-1
NaN	4.1280000E+0	3.2902000E-5	1.8189894E-13	-2.3842000E-6	0.0000000E+0	1.4600000E-1	8.5000000E-1
NaN	4.1290000E+0	3.2902000E-5	1.8189894E-13	-2.3842000E-6	0.0000000E+0	1.4800000E-1	8.5200000E-1
NaN	4.1300000E+0	3.2902000E-5	1.8189894E-13	-2.3842000E-6	0.0000000E+0	1.4600000E-1	8.4900000E-1
NaN	4.1310000E+0	3.2902000E-5	1.8189894E-13	-2.3842000E-6	0.0000000E+0	1.5200000E-1	8.5400000E-1
NaN	4.1320000E+0	3.2902000E-5	1.8189894E-13	-2.3842000E-6	0.0000000E+0	1.5400000E-1	8.5700000E-1
NaN	4.1330000E+0	3.2902000E-5	1.8189894E-13	-2.3842000E-6	0.0000000E+0	1.5000000E-1	8.5400000E-1
NaN	4.1340000E+0	3.2902000E-5	1.8189894E-13	-2.3842000E-6	0.0000000E+0	1.5400000E-1	8.5700000E-1
NaN	4.1350000E+0	3.2902000E-5	1.8189894E-13	-2.3842000E-6	0.0000000E+0	1.4200000E-1	8.4400000E-1
NaN	4.1360000E+0	3.2902000E-5	1.8189894E-13	-2.0980960E-6	1.1680147E-7	1.5000000E-1	8.5400000E-1
NaN	4.1370000E+0	3.2902000E-5	1.8189894E-13	-1.9073600E-6	0.0000000E+0	1.4800000E-1	8.5200000E-1
NaN	4.1380000E+0	3.2902000E-5	1.8189894E-13	-1.9073600E-6	0.0000000E+0	1.6000000E-1	8.6200000E-1
NaN	4.1390000E+0	3.2902000E-5	1.8189894E-13	-1.9073600E-6	0.0000000E+0	1.5000000E-1	8.5100000E-1
NaN	4.1400000E+0	3.2902000E-5	1.8189894E-13	-1.9073600E-6	0.0000000E+0	1.5200000E-1	8.5400000E-1
NaN	4.1410000E+0	3.2902000E-5	1.8189894E-13	-1.9073600E-6	0.0000000E+0	1.5200000E-1	8.5500000E-1
NaN	4.1420000E+0	3.2902000E-5	1.8189894E-13	-1.9073600E-6	0.0000000E+0	1.4400000E-1	8.4700000E-1
NaN	4.1430000E+0	3.2902000E-5	1.8189894E-13	-2.3842000E-6	0.0000000E+0	1.5200000E-1	8.5300000E-1
NaN	4.1440000E+0	3.3474180E-5	9.5380000E-8	-1.9073600E-6	0.0000000E+0	1.5800000E-1	8.6100000E-1
NaN	4.1450000E+0	3.3855700E-5	0.0000000E+0	-1.9073600E-6	0.0000000E+0	1.4900000E-1	8.5300000E-1
NaN	4.1460000E+0	3.3378800E-5	0.0000000E+0	-1.9073600E-6	0.0000000E+0	1.4600000E-1	8.4900000E-1
NaN	4.1470000E+0	3.3378800E-5	0.0000000E+0	-1.9073600E-6	0.0000000E+0	1.4800000E-1	8.4900000E-1
NaN	4.1480000E+0	3.3855700E-5	0.0000000E+0	-1.9073600E-6	0.0000000E+0	1.6000000E-1	8.6300000E-1
NaN	4.1490000E+0	3.3855700E-5	0.0000000E+0	-1.9073600E-6	0.0000000E+0	1.4900000E-1	8.5200000E-1
NaN	4.1500000E+0	3.3855700E-5	0.0000000E+0	-1.9073600E-6	0.0000000E+0	1.5200000E-1	8.5500000E-1
NaN	4.1510000E+0	3.3855700E-5	0.0000000E+0	-1.4305200E-6	8.0388734E-15	1.5200000E-1	8.5400000E-1
NaN	4.1520000E+0	3.3378800E-5	0.0000000E+0	-1.7166240E-6	1.1680147E-7	1.5200000E-1	8.5600000E-1
NaN	4.1530000E+0	3.3855700E-5	0.0000000E+0	-1.6212560E-6	1.1680147E-7	1.4900000E-1	8.5100000E-1
NaN	4.1540000E+0	3.3855700E-5	0.0000000E+0	-1.4305200E-6	8.0388734E-15	1.5100000E-1	8.5400000E-1
NaN	4.1550000E+0	3.3855700E-5	0.0000000E+0	-1.4305200E-6	8.0388734E-15	1.5000000E-1	8.5400000E-1
NaN	4.1560000E+0	3.3855700E-5	0.0000000E+0	-1.4305200E-6	8.0388734E-15	1.5000000E-1	8.5400000E-1
NaN	4.1570000E+0	3.3855700E-5	0.0000000E+0	-1.5258880E-6	9.5368000E-8	1.5100000E-1	8.5300000E-1
NaN	4.1580000E+0	3.3855700E-5	0.0000000E+0	-1.4305200E-6	8.0388734E-15	1.6200000E-1	8.6500000E-1
NaN	4.1590000E+0	3.4332500E-5	0.0000000E+0	-1.4305200E-6	8.0388734E-15	1.4800000E-1	8.5200000E-1
NaN	4.1600000E+0	3.4332500E-5	0.0000000E+0	-1.4305200E-6	8.0388734E-15	1.5600000E-1	8.6000000E-1
NaN	4.1610000E+0	3.3855700E-5	0.0000000E+0	-1.4305200E-6	8.0388734E-15	1.5400000E-1	8.5700000E-1
NaN	4.1620000E+0	3.3855700E-5	0.0000000E+0	-1.4305200E-6	8.0388734E-15	1.5800000E-1	8.6000000E-1
NaN	4.1630000E+0	3.4332500E-5	0.0000000E+0	-1.4305200E-6	8.0388734E-15	1.4800000E-1	8.5200000E-1
NaN	4.1640000E+0	3.4809300E-5	0.0000000E+0	-1.4305200E-6	8.0388734E-15	1.5600000E-1	8.5900000E-1
NaN	4.1650000E+0	3.4332500E-5	0.0000000E+0	-1.4305200E-6	8.0388734E-15	1.4800000E-1	8.5200000E-1
NaN	4.1660000E+0	3.4332500E-5	0.0000000E+0	-1.4305200E-6	8.0388734E-15	1.6000000E-1	8.6200000E-1
NaN	4.1670000E+0	3.4332500E-5	0.0000000E+0	-1.4305200E-6	8.0388734E-15	1.5000000E-1	8.5500000E-1
NaN	4.1680000E+0	3.5286200E-5	0.0000000E+0	-1.4305200E-6	8.0388734E-15	1.5200000E-1	8.6700000E-1
NaN	4.1690000E+0	3.5286200E-5	0.0000000E+0	-1.4305200E-6	8.0388734E-15	1.5000000E-1	8.5300000E-1
NaN	4.1700000E+0	3.5286200E-5	0.0000000E+0	-1.4305200E-6	8.0388734E-15	1.4200000E-1	8.4300000E-1
NaN	4.1710000E+0	3.5286200E-5	0.0000000E+0	-1.4305200E-6	8.0388734E-15	1.5000000E-1	8.5400000E-1
NaN	4.1720000E+0	3.5286200E-5	0.0000000E+0	-1.4305200E-6	8.0388734E-15	1.5200000E-1	8.5500000E-1
NaN	4.1730000E+0	3.5763000E-5	0.0000000E+0	-1.4305200E-6	8.0388734E-15	1.4200000E-1	8.4500000E-1
NaN	4.1740000E+0	3.5858380E-5	9.5380000E-8	-1.4305200E-6	8.0388734E-15	1.4800000E-1	8.5000000E-1
NaN	4.1750000E+0	3.6239900E-5	0.0000000E+0	-1.4305200E-6	8.0388734E-15	1.6000000E-1	8.6400000E-1
NaN	4.1760000E+0	3.6239900E-5	0.0000000E+0	-1.4305200E-6	8.0388734E-15	1.5200000E-1	8.5500000E-1
NaN	4.1770000E+0	3.7193500E-5	2.5724395E-13	-1.4305200E-6	8.0388734E-15	1.4600000E-1	8.4900000E-1
NaN	4.1780000E+0	3.7193500E-5	2.5724395E-13	-1.4305200E-6	8.0388734E-15	1.5200000E-1	8.5300000E-1
NaN	4.1790000E+0	3.7670400E-5	2.5724395E-13	-1.4305200E-6	8.0388734E-15	1.4800000E-1	8.5100000E-1
NaN	4.1800000E+0	3.7670400E-5	2.5724395E-13	-1.4305200E-6	8.0388734E-15	1.5000000E-1	8.5400000E-1
NaN	4.1810000E+0	3.8624000E-5	0.0000000E+0	-1.4305200E-6	8.0388734E-15	1.5600000E-1	8.5900000E-1
NaN	4.1820000E+0	3.9577700E-5	0.0000000E+0	-1.2397848E-6	1.1680098E-7	1.4800000E-1	8.5000000E-1
NaN	4.1830000E+0	3.9577700E-5	0.0000000E+0	-1.4305200E-6	8.0388734E-15	1.6000000E-1	8.6400000E-1
NaN	4.1840000E+0	4.0054600E-5	2.5724395E-13	-1.4305200E-6	8.0388734E-15	1.4800000E-1	8.5200000E-1
NaN	4.1850000E+0	4.1008200E-5	0.0000000E+0	-1.4305200E-6	8.0388734E-15	1.5800000E-1	8.6100000E-1
NaN	4.1860000E+0	4.1961900E-5	0.0000000E+0	-1.4305200E-6	8.0388734E-15	1.5000000E-1	8.5200000E-1
NaN	4.1870000E+0	4.1961900E-5	0.0000000E+0	-1.4305200E-6	8.0388734E-15	1.5800000E-1	8.6200000E-1
NaN	4.1880000E+0	4.2915600E-5	2.5724395E-13	-1.4305200E-6	8.0388734E-15	1.5100000E-1	8.5300000E-1
NaN	4.1890000E+0	4.4346100E-5	2.5724395E-13	-1.4305200E-6	8.0388734E-15	1.5600000E-1	8.6000000E-1
NaN	4.1900000E+0	4.4822900E-5	0.0000000E+0	-1.0490496E-6	9.5367600E-8	1.5200000E-1	8.5400000E-1
NaN	4.1910000E+0	4.4346100E-5	2.5724395E-13	-1.4305200E-6	8.0388734E-15	1.6000000E-1	8.6300000E-1
NaN	4.1920000E+0	4.5395160E-5	9.5360000E-8	-1.4305200E-6	8.0388734E-15	1.4700000E-1	8.5000000E-1
NaN	4.1930000E+0	4.7207100E-5	0.0000000E+0	-1.4305200E-6	8.0388734E-15	1.5800000E-1	8.6100000E-1
NaN	4.1940000E+0	4.7207100E-5	0.0000000E+0	-1.1444172E-6	1.1680098E-7	1.5400000E-1	8.5600000E-1
NaN	4.1950000E+0	4.7207100E-5	0.0000000E+0	-1.4305200E-6	8.0388734E-15	1.4800000E-1	8.5200000E-1
NaN	4.1960000E+0	4.9019120E-5	9.5380000E-8	-1.4305200E-6	8.0388734E-15	1.4700000E-1	8.4900000E-1
NaN	4.1970000E+0	5.0545000E-5	0.0000000E+0	-9.5368200E-7	5.6843419E-15	1.5200000E-1	8.5500000E-1
NaN	4.1980000E+0	5.0068100E-5	0.0000000E+0	-9.5368200E-7	5.6843419E-15	1.4800000E-1	8.5000000E-1
NaN	4.1990000E+0	4.9591300E-5	3.6379788E-13	-1.4305200E-6	8.0388734E-15	1.5600000E-1	8.5900000E-1
NaN	4.2000000E+0	5.1689360E-5	1.1681617E-7	-1.4305200E-6	8.0388734E-15	1.4500000E-1	8.4800000E-1
NaN	4.2010000E+0	5.2929200E-5	0.0000000E+0	-9.5368200E-7	5.6843419E-15	1.5600000E-1	8.5900000E-1
NaN	4.2020000E+0	5.1498600E-5	0.0000000E+0	-1.4305200E-6	8.0388734E-15	1.5600000E-1	8.5900000E-1
NaN	4.2030000E+0	5.1784740E-5	1.1681617E-7	-1.4305200E-6	8.0388734E-15	1.4600000E-1	8.5100000E-1
NaN	4.2040000E+0	5.3882800E-5	0.0000000E+0	-1.4305200E-6	8.0388734E-15	1.6100000E-1	8.6400000E-1
NaN	4.2050000E+0	5.3978180E-5	9.5380000E-8	-4.7684100E-7	2.8421709E-15	1.5200000E-1	8.5500000E-1
NaN	4.2060000E+0	5.2356940E-5	9.5360000E-8	-1.4305200E-6	8.0388734E-15	1.5000000E-1	8.5300000E-1
NaN	4.2070000E+0	5.2929200E-5	0.0000000E+0	-1.4305200E-6	8.0388734E-15	1.5200000E-1	8.5500000E-1
NaN	4.2080000E+0	5.5313300E-5	5.1448790E-13	-1.2397848E-6	1.1680098E-7	1.5500000E-1	8.5900000E-1
NaN	4.2090000E+0	5.3882800E-5	0.0000000E+0	-7.6294560E-7	1.1680171E-7	1.5400000E-1	8.5700000E-1
NaN	4.2100000E+0	5.2452300E-5	0.0000000E+0	-1.4305200E-6	8.0388734E-15	1.6000000E-1	8.6300000E-1
NaN	4.2110000E+0	5.4168940E-5	1.1681617E-7	-1.4305200E-6	8.0388734E-15	1.4800000E-1	8.5100000E-1
NaN	4.2120000E+0	5.4264320E-5	9.5380000E-8	-4.7684100E-7	2.8421709E-15	1.6100000E-1	8.6400000E-1
NaN	4.2130000E+0	5.1975500E-5	0.0000000E+0	-1.4305200E-6	8.0388734E-15	1.5000000E-1	8.5200000E-1
NaN	4.2140000E+0	5.3882800E-5	0.0000000E+0	-8.5831380E-7	9.5368200E-8	1.4800000E-1	8.5200000E-1
NaN	4.2150000E+0	5.0926440E-5	9.5360000E-8	-1.4305200E-6	8.0388734E-15	1.4800000E-1	8.5200000E-1
NaN	4.2160000E+0	5.2833820E-5	9.5380000E-8	-8.5831380E-7	9.5368200E-8	1.5200000E-1	8.5500000E-1
NaN	4.2170000E+0	4.9591300E-5	3.6379788E-13	-1.4305200E-6	8.0388734E-15	1.5200000E-1	8.5400000E-1
NaN	4.2180000E+0	5.0926440E-5	9.5360000E-8	-1.4305200E-6	8.0388734E-15	1.5800000E-1	8.6200000E-1
NaN	4.2190000E+0	4.9877380E-5	1.1679167E-7	-4.7684100E-7	2.8421709E-15	1.4600000E-1	8.4800000E-1
NaN	4.2200000E+0	4.7779280E-5	9.5380000E-8	-1.4305200E-6	8.0388734E-15	1.5200000E-1	8.5500000E-1
NaN	4.2210000E+0	4.8160800E-5	2.5724395E-13	-1.4305200E-6	8.0388734E-15	1.5000000E-1	8.5200000E-1
NaN	4.2220000E+0	4.8637600E-5	0.0000000E+0	-9.5368200E-7	5.6843419E-15	1.6000000E-1	8.6500000E-1
NaN	4.2230000E+0	4.6921020E-5	1.1679167E-7	-9.5368200E-7	5.6843419E-15	1.4800000E-1	8.5100000E-1
NaN	4.2240000E+0	4.5299800E-5	2.5724395E-13	-1.4305200E-6	8.0388734E-15	1.5200000E-1	8.5500000E-1
NaN	4.2250000E+0	4.5299800E-5	2.5724395E-13	-1.4305200E-6	8.0388734E-15	1.5400000E-1	8.5600000E-1
NaN	4.2260000E+0	4.5299800E-5	2.5724395E-13	-1.4305200E-6	8.0388734E-15	1.4800000E-1	8.5200000E-1
NaN	4.2270000E+0	4.4250740E-5	9.5360000E-8	-9.5368200E-7	5.6843419E-15	1.5200000E-1	8.5500000E-1
NaN	4.2280000E+0	4.2915600E-5	2.5724395E-13	-9.5368200E-7	5.6843419E-15	1.6000000E-1	8.6300000E-1
NaN	4.2290000E+0	4.1961900E-5	0.0000000E+0	-1.4305200E-6	8.0388734E-15	1.4400000E-1	8.4600000E-1
NaN	4.2300000E+0	4.1961900E-5	0.0000000E+0	-1.4305200E-6	8.0388734E-15	1.5400000E-1	8.5700000E-1
NaN	4.2310000E+0	4.1961900E-5	0.0000000E+0	-9.5368200E-7	5.6843419E-15	1.5000000E-1	8.5400000E-1
NaN	4.2320000E+0	4.0817480E-5	1.1679167E-7	-9.5368200E-7	5.6843419E-15	1.5400000E-1	8.5700000E-1
NaN	4.2330000E+0	4.0054600E-5	2.5724395E-13	-1.3351524E-6	9.5367600E-8	1.5000000E-1	8.5200000E-1
NaN	4.2340000E+0	3.9577700E-5	0.0000000E+0	-1.4305200E-6	8.0388734E-15	1.5600000E-1	8.5900000E-1
NaN	4.2350000E+0	3.9577700E-5	0.0000000E+0	-9.5368200E-7	5.6843419E-15	1.5000000E-1	8.5300000E-1
NaN	4.2360000E+0	3.8624000E-5	0.0000000E+0	-9.5368200E-7	5.6843419E-15	1.5800000E-1	8.6100000E-1
NaN	4.2370000E+0	3.8624000E-5	0.0000000E+0	-1.4305200E-6	8.0388734E-15	1.4400000E-1	8.4800000E-1
NaN	4.2380000E+0	3.8624000E-5	0.0000000E+0	-1.4305200E-6	8.0388734E-15	1.5400000E-1	8.5800000E-1
NaN	4.2390000E+0	3.7193500E-5	2.5724395E-13	-1.4305200E-6	8.0388734E-15	1.4300000E-1	8.4700000E-1
NaN	4.2400000E+0	3.7193500E-5	2.5724395E-13	-1.4305200E-6	8.0388734E-15	1.5000000E-1	8.5300000E-1
NaN	4.2410000E+0	3.7193500E-5	2.5724395E-13	-1.4305200E-6	8.0388734E-15	1.5200000E-1	8.5400000E-1
NaN	4.2420000E+0	3.6716700E-5	0.0000000E+0	-1.4305200E-6	8.0388734E-15	1.4800000E-1	8.5100000E-1
NaN	4.2430000E+0	3.6239900E-5	0.0000000E+0	-1.4305200E-6	8.0388734E-15	1.5300000E-1	8.5600000E-1
NaN	4.2440000E+0	3.6716700E-5	0.0000000E+0	-1.4305200E-6	8.0388734E-15	1.5000000E-1	8.5200000E-1
NaN	4.2450000E+0	3.6239900E-5	0.0000000E+0	-1.4305200E-6	8.0388734E-15	1.4600000E-1	8.5000000E-1
NaN	4.2460000E+0	3.6239900E-5	0.0000000E+0	-1.4305200E-6	8.0388734E-15	1.5000000E-1	8.8400000E-1
NaN	4.2470000E+0	3.6239900E-5	0.0000000E+0	-9.5368200E-7	5.6843419E-15	1.4900000E-1	8.5200000E-1
NaN	4.2480000E+0	3.6239900E-5	0.0000000E+0	-1.4305200E-6	8.0388734E-15	1.5400000E-1	8.5600000E-1
NaN	4.2490000E+0	3.6239900E-5	0.0000000E+0	-1.4305200E-6	8.0388734E-15	1.5800000E-1	8.6000000E-1
NaN	4.2500000E+0	3.6239900E-5	0.0000000E+0	-1.4305200E-6	8.0388734E-15	1.4800000E-1	8.5100000E-1
NaN	4.2510000E+0	3.6239900E-5	0.0000000E+0	-1.4305200E-6	8.0388734E-15	1.5100000E-1	8.5400000E-1
NaN	4.2520000E+0	3.5763000E-5	0.0000000E+0	-9.5368200E-7	5.6843419E-15	1.5200000E-1	8.5500000E-1
NaN	4.2530000E+0	3.5953760E-5	1.1681617E-7	-1.4305200E-6	8.0388734E-15	1.5800000E-1	8.6200000E-1
NaN	4.2540000E+0	3.6239900E-5	0.0000000E+0	-1.4305200E-6	8.0388734E-15	1.5200000E-1	8.5500000E-1
NaN	4.2550000E+0	3.6239900E-5	0.0000000E+0	-1.4305200E-6	8.0388734E-15	1.6100000E-1	8.6400000E-1
NaN	4.2560000E+0	3.5763000E-5	0.0000000E+0	-1.4305200E-6	8.0388734E-15	1.4600000E-1	8.4900000E-1
NaN	4.2570000E+0	3.6239900E-5	0.0000000E+0	-1.4305200E-6	8.0388734E-15	1.5800000E-1	8.6100000E-1
NaN	4.2580000E+0	3.6239900E-5	0.0000000E+0	-9.5368200E-7	5.6843419E-15	1.4800000E-1	8.5100000E-1
NaN	4.2590000E+0	3.5763000E-5	0.0000000E+0	-1.4305200E-6	8.0388734E-15	1.5500000E-1	8.5800000E-1
NaN	4.2600000E+0	3.6239900E-5	0.0000000E+0	-1.4305200E-6	8.0388734E-15	1.5200000E-1	8.5400000E-1
NaN	4.2610000E+0	3.6239900E-5	0.0000000E+0	-1.4305200E-6	8.0388734E-15	1.5200000E-1	8.5600000E-1
NaN	4.2620000E+0	3.6239900E-5	0.0000000E+0	-1.4305200E-6	8.0388734E-15	1.5200000E-1	8.5500000E-1
NaN	4.2630000E+0	3.6239900E-5	0.0000000E+0	-1.4305200E-6	8.0388734E-15	1.6100000E-1	8.6400000E-1
NaN	4.2640000E+0	3.6239900E-5	0.0000000E+0	-1.4305200E-6	8.0388734E-15	1.5200000E-1	8.5500000E-1
NaN	4.2650000E+0	3.6239900E-5	0.0000000E+0	-1.4305200E-6	8.0388734E-15	1.5200000E-1	8.5600000E-1
NaN	4.2660000E+0	3.6239900E-5	0.0000000E+0	-1.4305200E-6	8.0388734E-15	1.5200000E-1	8.5700000E-1
NaN	4.2670000E+0	3.6239900E-5	0.0000000E+0	-1.4305200E-6	8.0388734E-15	1.6000000E-1	8.6300000E-1
NaN	4.2680000E+0	3.6239900E-5	0.0000000E+0	-1.4305200E-6	8.0388734E-15	1.4900000E-1	8.5000000E-1
NaN	4.2690000E+0	3.6239900E-5	0.0000000E+0	-1.4305200E-6	8.0388734E-15	1.5400000E-1	8.5800000E-1
NaN	4.2700000E+0	3.6239900E-5	0.0000000E+0	-1.4305200E-6	8.0388734E-15	1.5200000E-1	8.5600000E-1
NaN	4.2710000E+0	3.6335260E-5	9.5360000E-8	-1.4305200E-6	8.0388734E-15	1.6200000E-1	8.6500000E-1
NaN	4.2720000E+0	3.6239900E-5	0.0000000E+0	-1.4305200E-6	8.0388734E-15	1.4800000E-1	8.5000000E-1
NaN	4.2730000E+0	3.6239900E-5	0.0000000E+0	-1.4305200E-6	8.0388734E-15	1.6000000E-1	8.6400000E-1
NaN	4.2740000E+0	3.6239900E-5	0.0000000E+0	-1.4305200E-6	8.0388734E-15	1.5200000E-1	8.5600000E-1
NaN	4.2750000E+0	3.6239900E-5	0.0000000E+0	-1.4305200E-6	8.0388734E-15	1.6000000E-1	8.6300000E-1
NaN	4.2760000E+0	3.6239900E-5	0.0000000E+0	-1.4305200E-6	8.0388734E-15	1.4800000E-1	8.5000000E-1
NaN	4.2770000E+0	3.6239900E-5	0.0000000E+0	-1.4305200E-6	8.0388734E-15	1.6000000E-1	8.6300000E-1
NaN	4.2780000E+0	3.6239900E-5	0.0000000E+0	-1.4305200E-6	8.0388734E-15	1.5400000E-1	8.5800000E-1
NaN	4.2790000E+0	3.6239900E-5	0.0000000E+0	-1.4305200E-6	8.0388734E-15	1.4600000E-1	8.4900000E-1
NaN	4.2800000E+0	3.6239900E-5	0.0000000E+0	-1.4305200E-6	8.0388734E-15	1.5200000E-1	8.5300000E-1
NaN	4.2810000E+0	3.6239900E-5	0.0000000E+0	-1.4305200E-6	8.0388734E-15	1.5000000E-1	8.5400000E-1
NaN	4.2820000E+0	3.6239900E-5	0.0000000E+0	-1.4305200E-6	8.0388734E-15	1.4600000E-1	8.4900000E-1
NaN	4.2830000E+0	3.6239900E-5	0.0000000E+0	-1.4305200E-6	8.0388734E-15	1.5200000E-1	8.5500000E-1
NaN	4.2840000E+0	3.6239900E-5	0.0000000E+0	-1.4305200E-6	8.0388734E-15	1.5000000E-1	8.5200000E-1
NaN	4.2850000E+0	3.6239900E-5	0.0000000E+0	-1.4305200E-6	8.0388734E-15	1.5000000E-1	8.5300000E-1
NaN	4.2860000E+0	3.6239900E-5	0.0000000E+0	-1.4305200E-6	8.0388734E-15	1.5200000E-1	8.5400000E-1
NaN	4.2870000E+0	3.6239900E-5	0.0000000E+0	-1.4305200E-6	8.0388734E-15	1.5200000E-1	8.5500000E-1
NaN	4.2880000E+0	3.6239900E-5	0.0000000E+0	-1.4305200E-6	8.0388734E-15	1.5000000E-1	8.5200000E-1
NaN	4.2890000E+0	3.6716700E-5	0.0000000E+0	-1.4305200E-6	8.0388734E-15	1.5400000E-1	8.5800000E-1
NaN	4.2900000E+0	3.7193500E-5	2.5724395E-13	-1.4305200E-6	8.0388734E-15	1.5100000E-1	8.5400000E-1
NaN	4.2910000E+0	3.6716700E-5	0.0000000E+0	-1.4305200E-6	8.0388734E-15	1.5000000E-1	8.5300000E-1
NaN	4.2920000E+0	3.7193500E-5	2.5724395E-13	-1.4305200E-6	8.0388734E-15	1.6000000E-1	8.6100000E-1
NaN	4.2930000E+0	3.7193500E-5	2.5724395E-13	-1.4305200E-6	8.0388734E-15	1.5400000E-1	8.5800000E-1
NaN	4.2940000E+0	3.7193500E-5	2.5724395E-13	-1.4305200E-6	8.0388734E-15	1.4600000E-1	8.5000000E-1
NaN	4.2950000E+0	3.6812060E-5	9.5360000E-8	-1.4305200E-6	8.0388734E-15	1.5200000E-1	8.5400000E-1
NaN	4.2960000E+0	3.7193500E-5	2.5724395E-13	-1.4305200E-6	8.0388734E-15	1.4800000E-1	8.5000000E-1
NaN	4.2970000E+0	3.7193500E-5	2.5724395E-13	-1.4305200E-6	8.0388734E-15	1.5200000E-1	8.5600000E-1
NaN	4.2980000E+0	3.7193500E-5	2.5724395E-13	-1.4305200E-6	8.0388734E-15	1.5700000E-1	8.6000000E-1
NaN	4.2990000E+0	3.8147200E-5	0.0000000E+0	-1.4305200E-6	8.0388734E-15	1.5000000E-1	8.5300000E-1
NaN	4.3000000E+0	3.8147200E-5	0.0000000E+0	-1.4305200E-6	8.0388734E-15	1.6000000E-1	8.6200000E-1
NaN	4.3010000E+0	3.7670400E-5	2.5724395E-13	-1.4305200E-6	8.0388734E-15	1.5000000E-1	8.5400000E-1
NaN	4.3020000E+0	3.8147200E-5	0.0000000E+0	-1.4305200E-6	8.0388734E-15	1.5500000E-1	8.5800000E-1
NaN	4.3030000E+0	3.8624000E-5	0.0000000E+0	-1.4305200E-6	8.0388734E-15	1.5200000E-1	8.5500000E-1
NaN	4.3040000E+0	3.8242560E-5	9.5360000E-8	-1.4305200E-6	8.0388734E-15	1.6000000E-1	8.6400000E-1
NaN	4.3050000E+0	3.8624000E-5	0.0000000E+0	-1.4305200E-6	8.0388734E-15	1.4800000E-1	8.5100000E-1
NaN	4.3060000E+0	3.9196260E-5	9.5360000E-8	-1.4305200E-6	8.0388734E-15	1.6100000E-1	8.6400000E-1
NaN	4.3070000E+0	3.9100900E-5	0.0000000E+0	-1.4305200E-6	8.0388734E-15	1.5600000E-1	8.5900000E-1
NaN	4.3080000E+0	3.8910140E-5	1.1681617E-7	-1.4305200E-6	8.0388734E-15	1.4800000E-1	8.5100000E-1
NaN	4.3090000E+0	3.9577700E-5	0.0000000E+0	-1.4305200E-6	8.0388734E-15	1.5200000E-1	8.5600000E-1
NaN	4.3100000E+0	4.0054600E-5	2.5724395E-13	-1.4305200E-6	8.0388734E-15	1.5100000E-1	8.5400000E-1
NaN	4.3110000E+0	3.9577700E-5	0.0000000E+0	-1.4305200E-6	8.0388734E-15	1.5000000E-1	8.5300000E-1
NaN	4.3120000E+0	4.0054600E-5	2.5724395E-13	-1.4305200E-6	8.0388734E-15	1.5000000E-1	8.5400000E-1
NaN	4.3130000E+0	4.0531400E-5	0.0000000E+0	-1.4305200E-6	8.0388734E-15	1.5200000E-1	8.5500000E-1
NaN	4.3140000E+0	4.0531400E-5	0.0000000E+0	-1.4305200E-6	8.0388734E-15	1.4900000E-1	8.5200000E-1
NaN	4.3150000E+0	4.1485100E-5	2.5724395E-13	-1.4305200E-6	8.0388734E-15	1.6000000E-1	8.6400000E-1
NaN	4.3160000E+0	4.1961900E-5	0.0000000E+0	-1.4305200E-6	8.0388734E-15	1.4800000E-1	8.5100000E-1
NaN	4.3170000E+0	4.1961900E-5	0.0000000E+0	-1.4305200E-6	8.0388734E-15	1.5000000E-1	8.5300000E-1
NaN	4.3180000E+0	4.2438700E-5	0.0000000E+0	-1.4305200E-6	8.0388734E-15	1.4700000E-1	8.5000000E-1
NaN	4.3190000E+0	4.3773920E-5	9.5380000E-8	-1.4305200E-6	8.0388734E-15	1.5000000E-1	8.5300000E-1
NaN	4.3200000E+0	4.3869300E-5	0.0000000E+0	-1.4305200E-6	8.0388734E-15	1.5200000E-1	8.5600000E-1
NaN	4.3210000E+0	4.3869300E-5	0.0000000E+0	-1.4305200E-6	8.0388734E-15	1.6000000E-1	8.6400000E-1
NaN	4.3220000E+0	4.5013660E-5	1.1681617E-7	-1.5258880E-6	9.5368000E-8	1.4600000E-1	8.4800000E-1
NaN	4.3230000E+0	4.6253400E-5	0.0000000E+0	-1.4305200E-6	8.0388734E-15	1.5000000E-1	8.5200000E-1
NaN	4.3240000E+0	4.6253400E-5	0.0000000E+0	-1.4305200E-6	8.0388734E-15	1.5200000E-1	8.5600000E-1
NaN	4.3250000E+0	4.6730300E-5	0.0000000E+0	-1.4305200E-6	8.0388734E-15	1.6200000E-1	8.6500000E-1
NaN	4.3260000E+0	4.8637600E-5	0.0000000E+0	-1.4305200E-6	8.0388734E-15	1.4400000E-1	8.4700000E-1
NaN	4.3270000E+0	4.9591300E-5	3.6379788E-13	-1.4305200E-6	8.0388734E-15	1.6200000E-1	8.6300000E-1
NaN	4.3280000E+0	4.9591300E-5	3.6379788E-13	-1.9073600E-6	0.0000000E+0	1.5200000E-1	9.0800000E-1
NaN	4.3290000E+0	5.1975500E-5	0.0000000E+0	-1.4305200E-6	8.0388734E-15	1.6000000E-1	8.6400000E-1
NaN	4.3300000E+0	5.2452300E-5	0.0000000E+0	-1.4305200E-6	8.0388734E-15	1.4700000E-1	8.5000000E-1
NaN	4.3310000E+0	5.2929200E-5	0.0000000E+0	-1.9073600E-6	0.0000000E+0	1.5200000E-1	8.5400000E-1
NaN	4.3320000E+0	5.5313300E-5	5.1448790E-13	-1.8119920E-6	9.5368000E-8	1.5000000E-1	8.5300000E-1
NaN	4.3330000E+0	5.6267000E-5	0.0000000E+0	-1.4305200E-6	8.0388734E-15	1.5200000E-1	8.5500000E-1
NaN	4.3340000E+0	5.6267000E-5	0.0000000E+0	-1.9073600E-6	0.0000000E+0	1.5400000E-1	8.5600000E-1
NaN	4.3350000E+0	5.8651200E-5	0.0000000E+0	-2.3842000E-6	0.0000000E+0	1.4800000E-1	8.4900000E-1
NaN	4.3360000E+0	6.0081700E-5	0.0000000E+0	-1.4305200E-6	8.0388734E-15	1.5200000E-1	8.5600000E-1
NaN	4.3370000E+0	5.9604900E-5	5.1448790E-13	-1.4305200E-6	8.0388734E-15	1.5400000E-1	8.5700000E-1
NaN	4.3380000E+0	6.0558600E-5	3.6379788E-13	-1.9073600E-6	0.0000000E+0	1.6100000E-1	8.6300000E-1
NaN	4.3390000E+0	6.3896600E-5	3.6379788E-13	-1.4305200E-6	8.0388734E-15	1.5000000E-1	8.5200000E-1
NaN	4.3400000E+0	6.3896600E-5	3.6379788E-13	-1.4305200E-6	8.0388734E-15	1.5000000E-1	8.5300000E-1
NaN	4.3410000E+0	6.3419800E-5	3.6379788E-13	-1.9073600E-6	0.0000000E+0	1.5400000E-1	8.5800000E-1
NaN	4.3420000E+0	6.6090080E-5	1.1679167E-7	-2.3842000E-6	0.0000000E+0	1.6000000E-1	8.6300000E-1
NaN	4.3430000E+0	6.8188200E-5	0.0000000E+0	-1.4305200E-6	8.0388734E-15	1.4600000E-1	8.4800000E-1
NaN	4.3440000E+0	6.7234500E-5	0.0000000E+0	-1.4305200E-6	8.0388734E-15	1.5600000E-1	8.5800000E-1
NaN	4.3450000E+0	6.8665000E-5	0.0000000E+0	-2.3842000E-6	0.0000000E+0	1.5200000E-1	8.5600000E-1
NaN	4.3460000E+0	7.0095500E-5	0.0000000E+0	-1.4305200E-6	8.0388734E-15	1.6000000E-1	8.6200000E-1
NaN	4.3470000E+0	7.0572400E-5	0.0000000E+0	-2.3842000E-6	0.0000000E+0	1.5000000E-1	8.5200000E-1
NaN	4.3480000E+0	7.2098260E-5	9.5360000E-8	-1.4305200E-6	8.0388734E-15	1.5000000E-1	8.5300000E-1
NaN	4.3490000E+0	7.1526000E-5	0.0000000E+0	-2.3842000E-6	0.0000000E+0	1.5200000E-1	8.5600000E-1
NaN	4.3500000E+0	7.4863900E-5	5.1448790E-13	-1.9073600E-6	0.0000000E+0	1.5200000E-1	8.5500000E-1
NaN	4.3510000E+0	7.4100960E-5	1.1681617E-7	-1.4305200E-6	8.0388734E-15	1.4600000E-1	8.4800000E-1
NaN	4.3520000E+0	7.3910200E-5	0.0000000E+0	-2.3842000E-6	0.0000000E+0	1.6000000E-1	8.6200000E-1
NaN	4.3530000E+0	7.6580480E-5	1.1679167E-7	-2.3842000E-6	0.0000000E+0	1.4900000E-1	8.5200000E-1
NaN	4.3540000E+0	7.8201800E-5	0.0000000E+0	-1.4305200E-6	8.0388734E-15	1.5800000E-1	8.6200000E-1
NaN	4.3550000E+0	7.7724900E-5	0.0000000E+0	-1.9073600E-6	0.0000000E+0	1.5400000E-1	8.5600000E-1
NaN	4.3560000E+0	7.8201800E-5	0.0000000E+0	-2.3842000E-6	0.0000000E+0	1.5800000E-1	8.6200000E-1
NaN	4.3570000E+0	8.1539600E-5	0.0000000E+0	-2.3842000E-6	0.0000000E+0	1.4700000E-1	8.5000000E-1
NaN	4.3580000E+0	8.2016500E-5	0.0000000E+0	-1.9073600E-6	0.0000000E+0	1.6300000E-1	8.6500000E-1
NaN	4.3590000E+0	8.1539600E-5	0.0000000E+0	-2.3842000E-6	0.0000000E+0	1.5200000E-1	8.5400000E-1
NaN	4.3600000E+0	8.2970100E-5	0.0000000E+0	-2.3842000E-6	0.0000000E+0	1.4800000E-1	8.5100000E-1
NaN	4.3610000E+0	8.6308000E-5	0.0000000E+0	-2.8610400E-6	1.6077747E-14	1.4900000E-1	8.5200000E-1
NaN	4.3620000E+0	8.7738500E-5	0.0000000E+0	-2.3842000E-6	0.0000000E+0	1.4600000E-1	8.4900000E-1
NaN	4.3630000E+0	8.7643140E-5	9.5360000E-8	-2.3842000E-6	0.0000000E+0	1.4600000E-1	8.4800000E-1
NaN	4.3640000E+0	8.9836620E-5	1.1679167E-7	-2.8610400E-6	1.6077747E-14	1.4400000E-1	8.4900000E-1
NaN	4.3650000E+0	9.3174420E-5	1.1679167E-7	-2.3842000E-6	0.0000000E+0	1.4900000E-1	8.5200000E-1
NaN	4.3660000E+0	9.2983700E-5	0.0000000E+0	-2.3842000E-6	0.0000000E+0	1.5000000E-1	8.5200000E-1
NaN	4.3670000E+0	9.4700340E-5	1.1681617E-7	-2.9564060E-6	9.5366000E-8	1.5400000E-1	8.5700000E-1
NaN	4.3680000E+0	9.8515040E-5	1.1681617E-7	-2.8610400E-6	1.6077747E-14	1.5000000E-1	8.5300000E-1
NaN	4.3690000E+0	1.0061300E-4	0.0000000E+0	-2.3842000E-6	0.0000000E+0	1.5300000E-1	8.5600000E-1
NaN	4.3700000E+0	1.0061300E-4	0.0000000E+0	-2.8610400E-6	1.6077747E-14	1.5600000E-1	8.5900000E-1
NaN	4.3710000E+0	1.0480960E-4	9.5400000E-8	-3.3378700E-6	0.0000000E+0	1.5400000E-1	8.5900000E-1
NaN	4.3720000E+0	1.0728900E-4	0.0000000E+0	-2.3842000E-6	0.0000000E+0	1.5000000E-1	8.5400000E-1
NaN	4.3730000E+0	1.0824300E-4	0.0000000E+0	-2.8610400E-6	1.6077747E-14	1.6100000E-1	8.6400000E-1
NaN	4.3740000E+0	1.1262940E-4	9.5400000E-8	-2.8610400E-6	1.6077747E-14	1.5200000E-1	8.5500000E-1
NaN	4.3750000E+0	1.1549040E-4	9.5400000E-8	-2.3842000E-6	0.0000000E+0	1.5600000E-1	8.6000000E-1
NaN	4.3760000E+0	1.1606280E-4	1.1684066E-7	-2.8610400E-6	1.6077747E-14	1.5600000E-1	8.5900000E-1
NaN	4.3770000E+0	1.2121240E-4	1.7847706E-7	-3.3378700E-6	0.0000000E+0	1.5700000E-1	8.6000000E-1
NaN	4.3780000E+0	1.2512280E-4	1.1684066E-7	-2.3842000E-6	0.0000000E+0	1.5000000E-1	8.5200000E-1
NaN	4.3790000E+0	1.2588600E-4	0.0000000E+0	-2.8610400E-6	1.6077747E-14	1.4800000E-1	8.5200000E-1
NaN	4.3800000E+0	1.3275240E-4	1.1659571E-7	-3.0517720E-6	1.1679902E-7	1.5200000E-1	8.5600000E-1
NaN	4.3810000E+0	1.3666220E-4	1.1684066E-7	-2.3842000E-6	0.0000000E+0	1.5000000E-1	8.5300000E-1
NaN	4.3820000E+0	1.4000020E-4	1.1684066E-7	-3.3378700E-6	0.0000000E+0	1.5200000E-1	8.5300000E-1
NaN	4.3830000E+0	1.4791560E-4	1.7831674E-7	-3.3378700E-6	0.0000000E+0	1.4800000E-1	8.5100000E-1
NaN	4.3840000E+0	1.5287520E-4	1.1684066E-7	-2.3842000E-6	0.0000000E+0	1.5000000E-1	8.5300000E-1
NaN	4.3850000E+0	1.5688000E-4	1.0289758E-12	-2.7656720E-6	9.5368000E-8	1.4800000E-1	8.5000000E-1
NaN	4.3860000E+0	1.6613080E-4	1.1684066E-7	-3.3378700E-6	0.0000000E+0	1.5200000E-1	8.5400000E-1
NaN	4.3870000E+0	1.7471380E-4	1.1684066E-7	-2.3842000E-6	0.0000000E+0	1.4600000E-1	8.5000000E-1
NaN	4.3880000E+0	1.8119900E-4	1.0289758E-12	-2.3842000E-6	0.0000000E+0	1.6000000E-1	8.6400000E-1
NaN	4.3890000E+0	1.9121280E-4	1.5068258E-7	-3.3378700E-6	0.0000000E+0	1.4800000E-1	8.5100000E-1
NaN	4.3900000E+0	2.0408700E-4	2.1332089E-7	-2.3842000E-6	0.0000000E+0	1.5300000E-1	8.5500000E-1
NaN	4.3910000E+0	2.1352860E-4	9.5400000E-8	-2.3842000E-6	0.0000000E+0	1.4800000E-1	8.5100000E-1
NaN	4.3920000E+0	2.2707060E-4	3.1624019E-7	-3.3378700E-6	0.0000000E+0	1.6000000E-1	8.6300000E-1
NaN	4.3930000E+0	2.4252020E-4	2.4322323E-7	-2.3842000E-6	0.0000000E+0	1.4600000E-1	8.4900000E-1
NaN	4.3940000E+0	2.5501460E-4	1.7847706E-7	-2.8610400E-6	1.6077747E-14	1.5400000E-1	8.5600000E-1
NaN	4.3950000E+0	2.7265760E-4	2.7813641E-7	-3.3378700E-6	0.0000000E+0	1.5200000E-1	8.5600000E-1
NaN	4.3960000E+0	2.9134940E-4	3.3707782E-7	-2.0027280E-6	9.5368000E-8	1.5900000E-1	8.6200000E-1
NaN	4.3970000E+0	3.0517760E-4	3.3707782E-7	-3.3378700E-6	0.0000000E+0	1.5000000E-1	8.5300000E-1
NaN	4.3980000E+0	3.2863820E-4	3.1627036E-7	-2.8610400E-6	1.6077747E-14	1.4800000E-1	8.5000000E-1
NaN	4.3990000E+0	3.4666240E-4	3.3707782E-7	-1.9073600E-6	0.0000000E+0	1.5400000E-1	8.5700000E-1
NaN	4.4000000E+0	3.6211180E-4	2.4322323E-7	-2.8610400E-6	1.6077747E-14	1.4900000E-1	8.5200000E-1
NaN	4.4010000E+0	3.8604920E-4	2.4322323E-7	-3.1471380E-6	1.1679902E-7	1.5000000E-1	8.5300000E-1
NaN	4.4020000E+0	4.1017720E-4	3.5039954E-7	-1.0490496E-6	9.5367600E-8	1.5000000E-1	8.5200000E-1
NaN	4.4030000E+0	4.2457780E-4	1.9080000E-7	-3.3378700E-6	0.0000000E+0	1.5400000E-1	8.5600000E-1
NaN	4.4040000E+0	4.5042220E-4	4.4235160E-7	-3.1471380E-6	1.1679902E-7	1.4900000E-1	8.5200000E-1
NaN	4.4050000E+0	4.6806520E-4	2.4322323E-7	-9.5368200E-7	5.6843419E-15	1.4800000E-1	8.5100000E-1
NaN	4.4060000E+0	4.8542200E-4	2.1332089E-7	-3.2425040E-6	9.5366000E-8	1.6200000E-1	8.6400000E-1
NaN	4.4070000E+0	5.1079160E-4	3.5037232E-7	-2.0027280E-6	9.5368000E-8	1.5000000E-1	8.5300000E-1
NaN	4.4080000E+0	5.2433420E-4	1.1684066E-7	-4.7684100E-7	2.8421709E-15	1.5100000E-1	8.5400000E-1
NaN	4.4090000E+0	5.3997400E-4	1.9062502E-7	-3.3378700E-6	0.0000000E+0	1.5300000E-1	8.5500000E-1
NaN	4.4100000E+0	5.5942900E-4	3.8137501E-7	-2.8610400E-6	1.6077747E-14	1.5600000E-1	8.5900000E-1
NaN	4.4110000E+0	5.7173100E-4	4.1159032E-12	-4.7684100E-7	2.8421709E-15	1.4800000E-1	8.5100000E-1
NaN	4.4120000E+0	5.8250820E-4	1.1684066E-7	-3.3378700E-6	0.0000000E+0	1.5100000E-1	8.5400000E-1
NaN	4.4130000E+0	5.9862500E-4	1.9062502E-7	-2.3842000E-6	0.0000000E+0	1.4800000E-1	8.5000000E-1
NaN	4.4140000E+0	5.9986500E-4	0.0000000E+0	-1.4305200E-6	8.0388734E-15	1.5400000E-1	8.5800000E-1
NaN	4.4150000E+0	6.0558700E-4	0.0000000E+0	-4.1961940E-6	9.5366000E-8	1.5400000E-1	8.5700000E-1
NaN	4.4160000E+0	6.1931980E-4	2.7798209E-7	-3.3378700E-6	0.0000000E+0	1.5100000E-1	8.5400000E-1
NaN	4.4170000E+0	6.2113200E-4	1.9062502E-7	-1.4305200E-6	8.0388734E-15	1.4800000E-1	8.5100000E-1
NaN	4.4180000E+0	6.2094140E-4	9.5400000E-8	-4.7684000E-6	0.0000000E+0	1.4800000E-1	8.5200000E-1
NaN	4.4190000E+0	6.3038240E-4	2.1309730E-7	-4.2915600E-6	0.0000000E+0	1.4800000E-1	8.5100000E-1
NaN	4.4200000E+0	6.2704460E-4	2.1309730E-7	-3.3378700E-6	0.0000000E+0	1.5900000E-1	8.6200000E-1
NaN	4.4210000E+0	6.2446960E-4	1.1659571E-7	-6.7711180E-6	9.5368000E-8	1.5400000E-1	8.5700000E-1
NaN	4.4220000E+0	6.3524640E-4	1.7847706E-7	-6.2942780E-6	9.5368000E-8	1.6400000E-1	8.6800000E-1
NaN	4.4230000E+0	6.3677180E-4	1.1684066E-7	-5.7220800E-6	3.2155494E-14	1.5200000E-1	8.5400000E-1
NaN	4.4240000E+0	6.3619960E-4	1.7831674E-7	-8.9645940E-6	9.5366000E-8	1.6000000E-1	8.6300000E-1
NaN	4.4250000E+0	6.5288920E-4	3.5039954E-7	-9.0599600E-6	0.0000000E+0	1.5000000E-1	8.5200000E-1
NaN	4.4260000E+0	6.6557280E-4	9.5200000E-8	-1.0013600E-5	0.0000000E+0	1.5800000E-1	8.6200000E-1
NaN	4.4270000E+0	6.8464660E-4	2.7813641E-7	-1.2683940E-5	1.1681617E-7	1.5100000E-1	8.5500000E-1
NaN	4.4280000E+0	7.1163560E-4	3.2339923E-7	-1.2779320E-5	9.5380000E-8	1.4900000E-1	8.5200000E-1
NaN	4.4290000E+0	7.3604960E-4	4.4212516E-7	-1.4877380E-5	9.5380000E-8	1.4800000E-1	8.5100000E-1
NaN	4.4300000E+0	7.7810660E-4	7.4480975E-7	-1.7547740E-5	9.5360000E-8	1.5400000E-1	8.5700000E-1
NaN	4.4310000E+0	8.3351500E-4	9.1724190E-7	-1.7643100E-5	0.0000000E+0	1.4500000E-1	8.4800000E-1
NaN	4.4320000E+0	8.8692080E-4	1.0115163E-6	-2.0027300E-5	1.2862197E-13	1.5000000E-1	8.5300000E-1
NaN	4.4330000E+0	9.6054460E-4	1.0512121E-6	-2.2602220E-5	1.1679167E-7	1.5000000E-1	8.5200000E-1
NaN	4.4340000E+0	1.0455220E-3	1.4514179E-6	-2.3842000E-5	1.2862197E-13	1.5000000E-1	8.5400000E-1
NaN	4.4350000E+0	1.1375500E-3	1.1924471E-6	-2.4795600E-5	0.0000000E+0	1.4600000E-1	8.5000000E-1
NaN	4.4360000E+0	1.2381640E-3	1.5856721E-6	-2.7275180E-5	9.5380000E-8	1.5600000E-1	8.5900000E-1
NaN	4.4370000E+0	1.3782580E-3	2.3000248E-6	-2.9564000E-5	0.0000000E+0	1.4200000E-1	8.4400000E-1
NaN	4.4380000E+0	1.5323720E-3	1.7685118E-6	-3.0040900E-5	1.8189894E-13	1.3800000E-1	8.4200000E-1
NaN	4.4390000E+0	1.6815280E-3	2.6357473E-6	-3.2425200E-5	1.8189894E-13	1.4300000E-1	8.4700000E-1
NaN	4.4400000E+0	1.8963900E-3	3.1531191E-6	-3.4332500E-5	0.0000000E+0	1.4200000E-1	8.4400000E-1
NaN	4.4410000E+0	2.0988620E-3	3.3132135E-6	-3.4332500E-5	0.0000000E+0	1.4000000E-1	8.4200000E-1
NaN	4.4420000E+0	2.3459600E-3	3.6790053E-6	-3.7670400E-5	2.5724395E-13	1.4400000E-1	8.4800000E-1
NaN	4.4430000E+0	2.5884780E-3	3.5498428E-6	-3.8147200E-5	0.0000000E+0	1.4300000E-1	8.4600000E-1
NaN	4.4440000E+0	2.8399620E-3	3.9908162E-6	-3.9100900E-5	0.0000000E+0	1.4400000E-1	8.4700000E-1
NaN	4.4450000E+0	3.1603000E-3	4.7478332E-6	-4.1008200E-5	0.0000000E+0	1.4200000E-1	8.4400000E-1
NaN	4.4460000E+0	3.4694820E-3	4.5366159E-6	-3.6812060E-5	9.5360000E-8	1.4400000E-1	8.4600000E-1
NaN	4.4470000E+0	3.7505300E-3	5.7720854E-6	-3.9577700E-5	0.0000000E+0	1.4700000E-1	8.4900000E-1
NaN	4.4480000E+0	4.0920560E-3	3.8334222E-6	-4.0054600E-5	2.5724395E-13	1.4400000E-1	8.4600000E-1
NaN	4.4490000E+0	4.4370960E-3	4.2553421E-6	-3.6525980E-5	1.1679167E-7	1.4200000E-1	8.4600000E-1
NaN	4.4500000E+0	4.7837560E-3	4.7060988E-6	-3.6716700E-5	0.0000000E+0	1.4200000E-1	8.4500000E-1
NaN	4.4510000E+0	5.1484400E-3	5.2254244E-6	-3.6716700E-5	0.0000000E+0	1.4700000E-1	8.5000000E-1
NaN	4.4520000E+0	5.5239020E-3	4.6200113E-6	-3.1566860E-5	9.5360000E-8	1.4200000E-1	8.4400000E-1
NaN	4.4530000E+0	5.8746620E-3	3.4816597E-6	-3.0040900E-5	1.8189894E-13	1.4200000E-1	8.4400000E-1
NaN	4.4540000E+0	6.2556560E-3	4.2007197E-6	-2.9087200E-5	0.0000000E+0	1.3800000E-1	8.4100000E-1
NaN	4.4550000E+0	6.6149040E-3	2.9569893E-6	-2.1648520E-5	1.1679167E-7	1.4200000E-1	8.4500000E-1
NaN	4.4560000E+0	6.9843600E-3	6.5238723E-6	-1.9931920E-5	9.5380000E-8	1.4200000E-1	8.4300000E-1
NaN	4.4570000E+0	7.3789900E-3	6.1903538E-6	-1.4686660E-5	1.7841826E-7	1.4000000E-1	8.4400000E-1
NaN	4.4580000E+0	7.6672840E-3	5.4289102E-6	-6.8664900E-6	2.4314478E-7	1.5500000E-1	8.5800000E-1
NaN	4.4590000E+0	7.9908020E-3	3.3344136E-6	-5.7220780E-6	1.5078847E-7	1.4600000E-1	8.4900000E-1
NaN	4.4600000E+0	8.2694660E-3	2.0638159E-6	-3.2425100E-6	1.7841826E-7	1.5000000E-1	8.5100000E-1
NaN	4.4610000E+0	8.5416420E-3	4.1850883E-6	6.2942800E-6	1.7841559E-7	1.4600000E-1	8.4900000E-1
NaN	4.4620000E+0	8.7631820E-3	2.9343507E-6	1.1539540E-5	1.7841826E-7	1.3700000E-1	8.4000000E-1
NaN	4.4630000E+0	9.0171440E-3	3.9008827E-6	1.3542220E-5	1.1679167E-7	1.4200000E-1	8.4500000E-1
NaN	4.4640000E+0	9.1888060E-3	3.1021131E-6	2.4128080E-5	1.1679167E-7	1.4200000E-1	8.4400000E-1
NaN	4.4650000E+0	9.2980980E-3	3.2441076E-6	2.1171700E-5	2.4313498E-7	1.3900000E-1	8.4200000E-1
NaN	4.4660000E+0	9.5035180E-3	5.1611350E-6	3.1471460E-5	2.1325380E-7	1.3900000E-1	8.4200000E-1
NaN	4.4670000E+0	9.5809580E-3	2.1623561E-6	4.1389700E-5	2.7804208E-7	1.4500000E-1	8.4800000E-1
NaN	4.4680000E+0	9.6191040E-3	2.6987786E-6	4.2438700E-5	0.0000000E+0	1.4200000E-1	8.4600000E-1
NaN	4.4690000E+0	9.6159560E-3	1.8220390E-6	4.2915600E-5	2.5724395E-13	1.3700000E-1	8.4100000E-1
NaN	4.4700000E+0	9.5673220E-3	2.6108236E-7	5.2356960E-5	4.1019491E-7	1.3800000E-1	8.4100000E-1
NaN	4.4710000E+0	9.4753860E-3	3.6516566E-6	5.4550400E-5	1.9073750E-7	1.4400000E-1	8.4500000E-1
NaN	4.4720000E+0	9.3861240E-3	1.0871136E-6	5.4073560E-5	1.1681617E-7	1.5000000E-1	8.5500000E-1
NaN	4.4730000E+0	9.2053060E-3	3.0142206E-6	5.9700260E-5	3.1630349E-7	1.4400000E-1	8.4800000E-1
NaN	4.4740000E+0	9.0169560E-3	3.7529303E-6	6.4659580E-5	1.1679167E-7	1.5000000E-1	8.5300000E-1
NaN	4.4750000E+0	8.7870240E-3	3.1575395E-6	5.7220700E-5	0.0000000E+0	1.4200000E-1	8.4400000E-1
NaN	4.4760000E+0	8.6049680E-3	4.0166869E-6	6.3896600E-5	3.6379788E-13	1.5100000E-1	8.5500000E-1
NaN	4.4770000E+0	8.2928300E-3	5.3355946E-6	6.8188200E-5	0.0000000E+0	1.4000000E-1	8.4300000E-1
NaN	4.4780000E+0	7.9751600E-3	4.2814180E-6	6.0367880E-5	2.4317028E-7	1.4000000E-1	8.4300000E-1
NaN	4.4790000E+0	7.6510720E-3	4.8831766E-6	6.7711340E-5	2.1325380E-7	1.4200000E-1	8.4500000E-1
NaN	4.4800000E+0	7.2888680E-3	4.6204268E-6	6.2752240E-5	1.1681617E-7	1.5400000E-1	8.5800000E-1
NaN	4.4810000E+0	6.9183640E-3	4.7109411E-6	6.2656880E-5	1.9074250E-7	1.4300000E-1	8.4600000E-1
NaN	4.4820000E+0	6.5359420E-3	5.9042065E-6	6.1989300E-5	0.0000000E+0	1.4800000E-1	8.5100000E-1
NaN	4.4830000E+0	6.1779320E-3	4.9986552E-6	5.5313300E-5	5.1448790E-13	1.4600000E-1	8.4800000E-1
NaN	4.4840000E+0	5.8262180E-3	4.6669470E-6	5.2643080E-5	1.9074250E-7	1.5000000E-1	8.5400000E-1
NaN	4.4850000E+0	5.4572400E-3	5.9617019E-6	5.4645780E-5	1.1679167E-7	1.3900000E-1	8.4200000E-1
NaN	4.4860000E+0	5.1111500E-3	4.8435442E-6	4.8637600E-5	0.0000000E+0	1.4400000E-1	8.4600000E-1
NaN	4.4870000E+0	4.7489460E-3	4.5064827E-6	4.3583160E-5	1.1681617E-7	1.4400000E-1	8.4800000E-1
NaN	4.4880000E+0	4.4266020E-3	5.2038240E-6	4.4536820E-5	1.1679167E-7	1.5000000E-1	8.5300000E-1
NaN	4.4890000E+0	4.0800380E-3	5.6118726E-6	3.8814760E-5	1.1681617E-7	1.3900000E-1	8.4200000E-1
NaN	4.4900000E+0	3.7634040E-3	4.1880444E-6	3.5000060E-5	1.1681617E-7	1.4000000E-1	8.4200000E-1
NaN	4.4910000E+0	3.4712940E-3	3.4564919E-6	3.1948300E-5	1.8189894E-13	1.4200000E-1	8.4600000E-1
NaN	4.4920000E+0	3.1865260E-3	4.3355330E-6	3.0994600E-5	1.8189894E-13	1.4400000E-1	8.4800000E-1
NaN	4.4930000E+0	2.8945120E-3	4.5662922E-6	2.6321560E-5	9.5360000E-8	1.3800000E-1	8.4100000E-1
NaN	4.4940000E+0	2.6408340E-3	3.7131343E-6	2.2029980E-5	9.5380000E-8	1.4200000E-1	8.4400000E-1
NaN	4.4950000E+0	2.4111900E-3	2.7712687E-6	2.0981000E-5	1.2862197E-13	1.4000000E-1	8.4400000E-1
NaN	4.4960000E+0	2.1757260E-3	3.5466457E-6	1.8596800E-5	0.0000000E+0	1.5200000E-1	8.5500000E-1
NaN	4.4970000E+0	1.9666820E-3	2.7490715E-6	1.4019060E-5	1.1681617E-7	1.4000000E-1	8.4300000E-1
NaN	4.4980000E+0	1.7769900E-3	2.2706783E-6	1.2397800E-5	0.0000000E+0	1.4400000E-1	8.4600000E-1
NaN	4.4990000E+0	1.6021800E-3	2.5371382E-6	1.0967300E-5	0.0000000E+0	1.4000000E-1	8.4300000E-1
NaN	4.5000000E+0	1.4327140E-3	2.4057485E-6	7.6294500E-6	0.0000000E+0	1.4900000E-1	8.5200000E-1
NaN	4.5010000E+0	1.2979580E-3	1.8647477E-6	5.7220800E-6	3.2155494E-14	1.4600000E-1	8.4800000E-1
NaN	4.5020000E+0	1.1726480E-3	1.5253439E-6	5.2452400E-6	3.2155494E-14	1.4600000E-1	8.4800000E-1
NaN	4.5030000E+0	1.0705060E-3	1.4227600E-6	3.4332420E-6	9.5372000E-8	1.4800000E-1	8.5200000E-1
NaN	4.5040000E+0	9.7866740E-4	1.3542414E-6	9.5368200E-7	5.6843419E-15	1.5300000E-1	8.5600000E-1
NaN	4.5050000E+0	9.0723400E-4	1.0512167E-6	9.5368200E-7	5.6843419E-15	1.5000000E-1	8.5300000E-1
NaN	4.5060000E+0	8.3256140E-4	8.1209621E-7	0.0000000E+0	0.0000000E+0	1.3000000E-1	8.3300000E-1
NaN	4.5070000E+0	7.7486400E-4	8.1200813E-7	-1.4305200E-6	8.0388734E-15	1.5000000E-1	8.5300000E-1
NaN	4.5080000E+0	7.3604960E-4	4.4212516E-7	-1.4305200E-6	8.0388734E-15	1.5300000E-1	8.5600000E-1
NaN	4.5090000E+0	6.9961920E-4	6.1070970E-7	-1.4305200E-6	8.0388734E-15	1.5200000E-1	8.5500000E-1
NaN	4.5100000E+0	6.7072280E-4	4.4214674E-7	-2.2888320E-6	9.5368000E-8	1.5600000E-1	8.6000000E-1
NaN	4.5110000E+0	6.5117220E-4	1.9080000E-7	-2.3842000E-6	0.0000000E+0	1.5000000E-1	8.5400000E-1
NaN	4.5120000E+0	6.3848880E-4	3.3714854E-7	-1.9073600E-6	0.0000000E+0	1.5900000E-1	8.6200000E-1
NaN	4.5130000E+0	6.2723520E-4	1.9057502E-7	-1.4305200E-6	8.0388734E-15	1.5400000E-1	8.5600000E-1
NaN	4.5140000E+0	6.1989200E-4	1.5084064E-7	-1.9073600E-6	0.0000000E+0	1.6100000E-1	8.6400000E-1
NaN	4.5150000E+0	6.1655400E-4	1.5084064E-7	-1.4305200E-6	8.0388734E-15	1.5000000E-1	8.5400000E-1
NaN	4.5160000E+0	6.1884280E-4	9.5200000E-8	0.0000000E+0	0.0000000E+0	1.3300000E-1	8.3500000E-1
NaN	4.5170000E+0	6.1808040E-4	1.7847706E-7	0.0000000E+0	0.0000000E+0	1.1300000E-1	8.1600000E-1
NaN	4.5180000E+0	6.1560000E-4	0.0000000E+0	0.0000000E+0	0.0000000E+0	1.1600000E-1	8.2000000E-1
NaN	4.5190000E+0	6.1502860E-4	9.5400000E-8	9.5368200E-7	5.6843419E-15	1.5400000E-1	8.5800000E-1
NaN	4.5200000E+0	6.1178600E-4	0.0000000E+0	1.4305200E-6	8.0388734E-15	1.5400000E-1	8.5700000E-1
NaN	4.5210000E+0	6.1321600E-4	1.5084064E-7	1.4305200E-6	8.0388734E-15	1.5000000E-1	8.5100000E-1
NaN	4.5220000E+0	6.1321600E-4	4.1159032E-12	1.9073600E-6	0.0000000E+0	1.4600000E-1	8.4800000E-1
NaN	4.5230000E+0	6.1159520E-4	1.9080000E-7	2.8610400E-6	1.6077747E-14	1.5400000E-1	8.5700000E-1
NaN	4.5240000E+0	6.0635020E-4	1.1684066E-7	3.3378700E-6	0.0000000E+0	1.5000000E-1	8.5300000E-1
NaN	4.5250000E+0	6.0358440E-4	1.7831674E-7	3.3378700E-6	0.0000000E+0	1.5200000E-1	8.5400000E-1
NaN	4.5260000E+0	5.9681320E-4	1.1684066E-7	4.2915600E-6	0.0000000E+0	1.4800000E-1	8.5200000E-1
NaN	4.5270000E+0	5.8823020E-4	1.9080000E-7	4.7684000E-6	0.0000000E+0	1.5500000E-1	8.5800000E-1
NaN	4.5280000E+0	5.7554620E-4	3.3714854E-7	4.7684000E-6	0.0000000E+0	1.4800000E-1	8.5100000E-1
NaN	4.5290000E+0	5.6438820E-4	2.4322323E-7	5.2452400E-6	3.2155494E-14	1.6200000E-1	8.6400000E-1
NaN	4.5300000E+0	5.5351640E-4	4.1020307E-7	5.7220800E-6	3.2155494E-14	1.5400000E-1	8.5700000E-1
NaN	4.5310000E+0	5.3596900E-4	0.0000000E+0	5.7220800E-6	3.2155494E-14	1.6100000E-1	8.6400000E-1
NaN	4.5320000E+0	5.2204500E-4	2.7791348E-7	5.2452400E-6	3.2155494E-14	1.4500000E-1	8.4800000E-1
NaN	4.5330000E+0	5.0468800E-4	2.4308599E-7	5.7220800E-6	3.2155494E-14	1.4600000E-1	8.4700000E-1
NaN	4.5340000E+0	4.8818880E-4	1.7890483E-7	6.1989100E-6	0.0000000E+0	1.5400000E-1	8.5800000E-1
NaN	4.5350000E+0	4.6911420E-4	3.8138752E-7	6.1989100E-6	0.0000000E+0	1.5300000E-1	8.5600000E-1
NaN	4.5360000E+0	4.5013600E-4	3.3728993E-7	5.2452400E-6	3.2155494E-14	1.5000000E-1	8.5300000E-1
NaN	4.5370000E+0	4.3125320E-4	2.8596668E-7	5.2452400E-6	3.2155494E-14	1.5600000E-1	8.5800000E-1
NaN	4.5380000E+0	4.1408740E-4	2.4300753E-7	5.7220800E-6	3.2155494E-14	1.4800000E-1	8.5100000E-1
NaN	4.5390000E+0	3.9406000E-4	3.8736895E-7	5.2452400E-6	3.2155494E-14	1.5100000E-1	8.5400000E-1
NaN	4.5400000E+0	3.7441440E-4	2.7813641E-7	4.8637680E-6	9.5368000E-8	1.5600000E-1	8.5900000E-1
NaN	4.5410000E+0	3.5610360E-4	1.7847706E-7	4.7684000E-6	0.0000000E+0	1.4600000E-1	8.4900000E-1
NaN	4.5420000E+0	3.3855620E-4	3.3714854E-7	4.7684000E-6	0.0000000E+0	1.5800000E-1	8.6200000E-1
NaN	4.5430000E+0	3.1986440E-4	3.1624019E-7	4.2915600E-6	0.0000000E+0	1.4800000E-1	8.5000000E-1
NaN	4.5440000E+0	3.0164900E-4	3.5679378E-7	3.8147300E-6	0.0000000E+0	1.5000000E-1	8.5300000E-1
NaN	4.5450000E+0	2.8639020E-4	2.4322323E-7	3.8147300E-6	0.0000000E+0	1.5000000E-1	8.5300000E-1
NaN	4.5460000E+0	2.7046400E-4	2.7791348E-7	3.3378700E-6	0.0000000E+0	1.4800000E-1	8.5200000E-1
NaN	4.5470000E+0	2.5511000E-4	2.1332089E-7	2.8610400E-6	1.6077747E-14	1.4700000E-1	8.5000000E-1
NaN	4.5480000E+0	2.4242480E-4	1.1684066E-7	2.3842000E-6	0.0000000E+0	1.6000000E-1	8.6300000E-1
NaN	4.5490000E+0	2.3050380E-4	2.4322323E-7	1.9073600E-6	0.0000000E+0	1.5000000E-1	8.5200000E-1
NaN	4.5500000E+0	2.2030000E-4	1.5084064E-7	2.3842000E-6	0.0000000E+0	1.4400000E-1	8.4800000E-1
NaN	4.5510000E+0	2.0828360E-4	1.7847706E-7	1.9073600E-6	0.0000000E+0	1.4800000E-1	8.5100000E-1
NaN	4.5520000E+0	1.9598100E-4	1.5084064E-7	1.4305200E-6	8.0388734E-15	1.5200000E-1	8.5400000E-1
NaN	4.5530000E+0	1.8787500E-4	0.0000000E+0	9.5368200E-7	5.6843419E-15	1.4800000E-1	8.5000000E-1
NaN	4.5540000E+0	1.7957800E-4	1.9062502E-7	9.5368200E-7	5.6843419E-15	1.5200000E-1	8.5600000E-1
NaN	4.5550000E+0	1.7032740E-4	9.5400000E-8	9.5368200E-7	5.6843419E-15	1.5400000E-1	8.5600000E-1
NaN	4.5560000E+0	1.6174440E-4	9.5400000E-8	1.9073640E-7	1.1680171E-7	1.3800000E-1	8.4000000E-1
NaN	4.5570000E+0	1.5611780E-4	1.1684066E-7	0.0000000E+0	0.0000000E+0	1.1400000E-1	8.1800000E-1
NaN	4.5580000E+0	1.5134880E-4	1.1684066E-7	0.0000000E+0	0.0000000E+0	1.1500000E-1	8.1800000E-1
NaN	4.5590000E+0	1.4486380E-4	9.5200000E-8	0.0000000E+0	0.0000000E+0	1.1800000E-1	8.2000000E-1
NaN	4.5600000E+0	1.3818860E-4	9.5400000E-8	-7.6294560E-7	1.1680171E-7	1.5000000E-1	8.5400000E-1
NaN	4.5610000E+0	1.3475520E-4	1.1684066E-7	-1.4305200E-6	8.0388734E-15	1.4800000E-1	8.5200000E-1
NaN	4.5620000E+0	1.3065400E-4	0.0000000E+0	-9.5368200E-7	5.6843419E-15	1.5300000E-1	8.5600000E-1
NaN	4.5630000E+0	1.2559980E-4	1.1684066E-7	-9.5368200E-7	5.6843419E-15	1.5200000E-1	8.5500000E-1
NaN	4.5640000E+0	1.2102160E-4	9.5400000E-8	-1.4305200E-6	8.0388734E-15	1.5000000E-1	8.5400000E-1
NaN	4.5650000E+0	1.1825600E-4	0.0000000E+0	-1.4305200E-6	8.0388734E-15	1.5000000E-1	8.5400000E-1
NaN	4.5660000E+0	1.1587200E-4	0.0000000E+0	-1.4305200E-6	8.0388734E-15	1.6100000E-1	8.6400000E-1
NaN	4.5670000E+0	1.1158000E-4	0.0000000E+0	-1.9073600E-6	0.0000000E+0	1.4600000E-1	8.5000000E-1
NaN	4.5680000E+0	1.0824300E-4	0.0000000E+0	-2.0027280E-6	9.5368000E-8	1.5600000E-1	8.6000000E-1
NaN	4.5690000E+0	1.0585800E-4	7.2759576E-13	-2.3842000E-6	0.0000000E+0	1.5000000E-1	8.5400000E-1
NaN	4.5700000E+0	1.0385560E-4	9.5400000E-8	-1.9073600E-6	0.0000000E+0	1.6300000E-1	8.6600000E-1
NaN	4.5710000E+0	1.0061300E-4	0.0000000E+0	-1.9073600E-6	0.0000000E+0	1.4800000E-1	8.5200000E-1
NaN	4.5720000E+0	9.7275200E-5	0.0000000E+0	-2.3842000E-6	0.0000000E+0	1.5200000E-1	8.5600000E-1
NaN	4.5730000E+0	9.6130840E-5	1.1681617E-7	-2.3842000E-6	0.0000000E+0	1.4600000E-1	8.4900000E-1
NaN	4.5740000E+0	9.3937400E-5	0.0000000E+0	-2.3842000E-6	0.0000000E+0	1.5300000E-1	8.5600000E-1
NaN	4.5750000E+0	9.1648560E-5	9.5360000E-8	-2.3842000E-6	0.0000000E+0	1.4800000E-1	8.5100000E-1
NaN	4.5760000E+0	8.8406060E-5	1.1681617E-7	-2.3842000E-6	0.0000000E+0	1.5600000E-1	8.5800000E-1
NaN	4.5770000E+0	8.6784800E-5	0.0000000E+0	-2.3842000E-6	0.0000000E+0	1.4200000E-1	8.4600000E-1
NaN	4.5780000E+0	8.6308000E-5	0.0000000E+0	-2.3842000E-6	0.0000000E+0	1.5100000E-1	8.5400000E-1
NaN	4.5790000E+0	8.4400600E-5	0.0000000E+0	-2.3842000E-6	0.0000000E+0	1.5000000E-1	8.5200000E-1
NaN	4.5800000E+0	8.1539600E-5	0.0000000E+0	-2.3842000E-6	0.0000000E+0	1.6000000E-1	8.6400000E-1
NaN	4.5810000E+0	8.0109100E-5	0.0000000E+0	-2.8610400E-6	1.6077747E-14	1.5400000E-1	8.5700000E-1
NaN	4.5820000E+0	8.0109100E-5	0.0000000E+0	-2.3842000E-6	0.0000000E+0	1.5000000E-1	8.5300000E-1
NaN	4.5830000E+0	7.8297160E-5	9.5360000E-8	-2.3842000E-6	0.0000000E+0	1.5000000E-1	8.5100000E-1
NaN	4.5840000E+0	7.6771200E-5	0.0000000E+0	-2.3842000E-6	0.0000000E+0	1.4800000E-1	8.5200000E-1
NaN	4.5850000E+0	7.4863900E-5	5.1448790E-13	-2.3842000E-6	0.0000000E+0	1.4400000E-1	8.4700000E-1
NaN	4.5860000E+0	7.3910200E-5	0.0000000E+0	-2.3842000E-6	0.0000000E+0	1.4600000E-1	8.4900000E-1
NaN	4.5870000E+0	7.3910200E-5	0.0000000E+0	-2.3842000E-6	0.0000000E+0	1.5200000E-1	8.5300000E-1
NaN	4.5880000E+0	7.3433400E-5	0.0000000E+0	-2.0027280E-6	9.5368000E-8	1.5200000E-1	8.5600000E-1
NaN	4.5890000E+0	7.1526000E-5	0.0000000E+0	-2.3842000E-6	0.0000000E+0	1.4500000E-1	8.4800000E-1
NaN	4.5900000E+0	7.0572400E-5	0.0000000E+0	-2.3842000E-6	0.0000000E+0	1.5200000E-1	8.5500000E-1
NaN	4.5910000E+0	7.0763120E-5	1.1679167E-7	-2.3842000E-6	0.0000000E+0	1.5000000E-1	8.5200000E-1
NaN	4.5920000E+0	6.9809420E-5	1.1679167E-7	-2.0027280E-6	9.5368000E-8	1.4800000E-1	8.5200000E-1
NaN	4.5930000E+0	6.7711300E-5	0.0000000E+0	-2.3842000E-6	0.0000000E+0	1.4700000E-1	8.5100000E-1
NaN	4.5940000E+0	6.8188200E-5	0.0000000E+0	-2.3842000E-6	0.0000000E+0	1.5000000E-1	8.5300000E-1
NaN	4.5950000E+0	6.7711300E-5	0.0000000E+0	-2.2888320E-6	9.5368000E-8	1.6000000E-1	8.6200000E-1
NaN	4.5960000E+0	6.6280800E-5	0.0000000E+0	-1.9073600E-6	0.0000000E+0	1.5000000E-1	8.5300000E-1
NaN	4.5970000E+0	6.5327200E-5	5.1448790E-13	-2.3842000E-6	0.0000000E+0	1.5700000E-1	8.6000000E-1
NaN	4.5980000E+0	6.5327200E-5	5.1448790E-13	-2.3842000E-6	0.0000000E+0	1.5000000E-1	8.5200000E-1
NaN	4.5990000E+0	6.4850300E-5	5.1448790E-13	-1.9073600E-6	0.0000000E+0	1.6200000E-1	8.6400000E-1
NaN	4.6000000E+0	6.3229080E-5	1.1679167E-7	-1.4305200E-6	8.0388734E-15	1.4600000E-1	8.5000000E-1
NaN	4.6010000E+0	6.1989300E-5	0.0000000E+0	-2.3842000E-6	0.0000000E+0	1.5900000E-1	8.6200000E-1
NaN	4.6020000E+0	6.1512500E-5	0.0000000E+0	-2.3842000E-6	0.0000000E+0	1.4800000E-1	8.5000000E-1
NaN	4.6030000E+0	6.1989300E-5	0.0000000E+0	-2.3842000E-6	0.0000000E+0	1.5800000E-1	8.6000000E-1
NaN	4.6040000E+0	6.0558600E-5	3.6379788E-13	-1.6212560E-6	1.1680147E-7	1.5200000E-1	8.5600000E-1
NaN	4.6050000E+0	5.9128000E-5	0.0000000E+0	-1.6212560E-6	1.1680147E-7	1.5900000E-1	8.6200000E-1
NaN	4.6060000E+0	5.7411420E-5	1.1679167E-7	-1.9073600E-6	0.0000000E+0	1.5400000E-1	8.5700000E-1
NaN	4.6070000E+0	5.7220700E-5	0.0000000E+0	-1.9073600E-6	0.0000000E+0	1.6200000E-1	8.6500000E-1
NaN	4.6080000E+0	5.7125340E-5	9.5360000E-8	-1.9073600E-6	0.0000000E+0	1.4800000E-1	8.5200000E-1
NaN	4.6090000E+0	5.6267000E-5	0.0000000E+0	-1.4305200E-6	8.0388734E-15	1.5500000E-1	8.5800000E-1
NaN	4.6100000E+0	5.3882800E-5	0.0000000E+0	-1.9073600E-6	0.0000000E+0	1.5200000E-1	8.5500000E-1
NaN	4.6110000E+0	5.3882800E-5	0.0000000E+0	-1.9073600E-6	0.0000000E+0	1.5400000E-1	8.5800000E-1
NaN	4.6120000E+0	5.1307880E-5	1.1679167E-7	-1.9073600E-6	0.0000000E+0	1.4800000E-1	8.5100000E-1
NaN	4.6130000E+0	5.1307880E-5	1.1679167E-7	-1.9073600E-6	0.0000000E+0	1.6200000E-1	8.6500000E-1
NaN	4.6140000E+0	4.9114500E-5	0.0000000E+0	-1.4305200E-6	8.0388734E-15	1.5000000E-1	8.5300000E-1
NaN	4.6150000E+0	4.8637600E-5	0.0000000E+0	-1.9073600E-6	0.0000000E+0	1.5800000E-1	8.6200000E-1
NaN	4.6160000E+0	4.8160800E-5	2.5724395E-13	-1.9073600E-6	0.0000000E+0	1.5200000E-1	8.5600000E-1
NaN	4.6170000E+0	4.7207100E-5	0.0000000E+0	-1.4305200E-6	8.0388734E-15	1.5800000E-1	8.6100000E-1
NaN	4.6180000E+0	4.6062680E-5	1.1679167E-7	-1.9073600E-6	0.0000000E+0	1.5000000E-1	8.5200000E-1
NaN	4.6190000E+0	4.4822900E-5	0.0000000E+0	-1.9073600E-6	0.0000000E+0	1.4600000E-1	8.4900000E-1
NaN	4.6200000E+0	4.4441460E-5	9.5360000E-8	-1.9073600E-6	0.0000000E+0	1.5000000E-1	8.5400000E-1
NaN	4.6210000E+0	4.4060020E-5	1.1679167E-7	-1.9073600E-6	0.0000000E+0	1.5000000E-1	8.5300000E-1
NaN	4.6220000E+0	4.3869300E-5	0.0000000E+0	-1.4305200E-6	8.0388734E-15	1.4800000E-1	8.5000000E-1
NaN	4.6230000E+0	4.2724840E-5	1.1681617E-7	-1.4305200E-6	8.0388734E-15	1.5200000E-1	8.5500000E-1
NaN	4.6240000E+0	4.1961900E-5	0.0000000E+0	-1.9073600E-6	0.0000000E+0	1.5400000E-1	8.5600000E-1
NaN	4.6250000E+0	4.1961900E-5	0.0000000E+0	-1.9073600E-6	0.0000000E+0	1.4800000E-1	8.5100000E-1
NaN	4.6260000E+0	4.1485100E-5	2.5724395E-13	-1.4305200E-6	8.0388734E-15	1.6000000E-1	8.6200000E-1
NaN	4.6270000E+0	4.1008200E-5	0.0000000E+0	-1.4305200E-6	8.0388734E-15	1.4900000E-1	8.5200000E-1
NaN	4.6280000E+0	4.0054600E-5	2.5724395E-13	-1.4305200E-6	8.0388734E-15	1.5300000E-1	8.5700000E-1
NaN	4.6290000E+0	4.0054600E-5	2.5724395E-13	-1.9073600E-6	0.0000000E+0	1.5200000E-1	8.5500000E-1
NaN	4.6300000E+0	3.9577700E-5	0.0000000E+0	-1.9073600E-6	0.0000000E+0	1.5800000E-1	8.6000000E-1
NaN	4.6310000E+0	3.9577700E-5	0.0000000E+0	-1.4305200E-6	8.0388734E-15	1.5100000E-1	8.5500000E-1
NaN	4.6320000E+0	3.9100900E-5	0.0000000E+0	-1.4305200E-6	8.0388734E-15	1.5400000E-1	8.5600000E-1
NaN	4.6330000E+0	3.8624000E-5	0.0000000E+0	-1.7166240E-6	1.1680147E-7	1.5000000E-1	8.5300000E-1
NaN	4.6340000E+0	3.9100900E-5	0.0000000E+0	-1.4305200E-6	8.0388734E-15	1.5600000E-1	8.5800000E-1
NaN	4.6350000E+0	3.8624000E-5	0.0000000E+0	-1.4305200E-6	8.0388734E-15	1.4400000E-1	8.4800000E-1
NaN	4.6360000E+0	3.8624000E-5	0.0000000E+0	-1.4305200E-6	8.0388734E-15	1.6000000E-1	8.6300000E-1
NaN	4.6370000E+0	3.8147200E-5	0.0000000E+0	-1.4305200E-6	8.0388734E-15	1.5000000E-1	8.5300000E-1
NaN	4.6380000E+0	3.8624000E-5	0.0000000E+0	-1.4305200E-6	8.0388734E-15	1.4600000E-1	8.4900000E-1
NaN	4.6390000E+0	3.8624000E-5	0.0000000E+0	-1.4305200E-6	8.0388734E-15	1.5200000E-1	8.5600000E-1
NaN	4.6400000E+0	3.8147200E-5	0.0000000E+0	-1.4305200E-6	8.0388734E-15	1.5800000E-1	8.6200000E-1
NaN	4.6410000E+0	3.7670400E-5	2.5724395E-13	-1.4305200E-6	8.0388734E-15	1.4400000E-1	8.4700000E-1
NaN	4.6420000E+0	3.8147200E-5	0.0000000E+0	-1.4305200E-6	8.0388734E-15	1.5100000E-1	8.5200000E-1
NaN	4.6430000E+0	3.7670400E-5	2.5724395E-13	-1.4305200E-6	8.0388734E-15	1.5200000E-1	8.5600000E-1
NaN	4.6440000E+0	3.7193500E-5	2.5724395E-13	-1.4305200E-6	8.0388734E-15	1.4700000E-1	8.5000000E-1
NaN	4.6450000E+0	3.7193500E-5	2.5724395E-13	-1.4305200E-6	8.0388734E-15	1.5200000E-1	8.5500000E-1
NaN	4.6460000E+0	3.7670400E-5	2.5724395E-13	-1.4305200E-6	8.0388734E-15	1.4800000E-1	8.5000000E-1
NaN	4.6470000E+0	3.7002780E-5	1.1679167E-7	-1.4305200E-6	8.0388734E-15	1.5300000E-1	8.5700000E-1
NaN	4.6480000E+0	3.6716700E-5	0.0000000E+0	-1.4305200E-6	8.0388734E-15	1.5900000E-1	8.6200000E-1
NaN	4.6490000E+0	3.7193500E-5	2.5724395E-13	-1.4305200E-6	8.0388734E-15	1.4600000E-1	8.4900000E-1
NaN	4.6500000E+0	3.7193500E-5	2.5724395E-13	-1.4305200E-6	8.0388734E-15	1.5200000E-1	8.5600000E-1
NaN	4.6510000E+0	3.6239900E-5	0.0000000E+0	-1.4305200E-6	8.0388734E-15	1.5400000E-1	8.5600000E-1
NaN	4.6520000E+0	3.6239900E-5	0.0000000E+0	-1.4305200E-6	8.0388734E-15	1.5900000E-1	8.6200000E-1
NaN	4.6530000E+0	3.6716700E-5	0.0000000E+0	-1.4305200E-6	8.0388734E-15	1.5000000E-1	8.5300000E-1
NaN	4.6540000E+0	3.6239900E-5	0.0000000E+0	-1.4305200E-6	8.0388734E-15	1.5800000E-1	8.6200000E-1
NaN	4.6550000E+0	3.5763000E-5	0.0000000E+0	-1.4305200E-6	8.0388734E-15	1.4800000E-1	8.5000000E-1
NaN	4.6560000E+0	3.6239900E-5	0.0000000E+0	-1.4305200E-6	8.0388734E-15	1.5700000E-1	8.6100000E-1
NaN	4.6570000E+0	3.6239900E-5	0.0000000E+0	-1.4305200E-6	8.0388734E-15	1.5200000E-1	8.5400000E-1
NaN	4.6580000E+0	3.5286200E-5	0.0000000E+0	-1.4305200E-6	8.0388734E-15	1.6000000E-1	8.6400000E-1
NaN	4.6590000E+0	3.5667640E-5	9.5360000E-8	-1.4305200E-6	8.0388734E-15	1.5200000E-1	8.5600000E-1
NaN	4.6600000E+0	3.5763000E-5	0.0000000E+0	-1.4305200E-6	8.0388734E-15	1.5700000E-1	8.6000000E-1
NaN	4.6610000E+0	3.5286200E-5	0.0000000E+0	-1.4305200E-6	8.0388734E-15	1.4600000E-1	8.4900000E-1
NaN	4.6620000E+0	3.5286200E-5	0.0000000E+0	-1.4305200E-6	8.0388734E-15	1.5400000E-1	8.5800000E-1
NaN	4.6630000E+0	3.5286200E-5	0.0000000E+0	-1.4305200E-6	8.0388734E-15	1.4400000E-1	8.4800000E-1
NaN	4.6640000E+0	3.5286200E-5	0.0000000E+0	-1.4305200E-6	8.0388734E-15	1.5000000E-1	8.5300000E-1
NaN	4.6650000E+0	3.4904680E-5	9.5380000E-8	-1.4305200E-6	8.0388734E-15	1.5200000E-1	8.5500000E-1
NaN	4.6660000E+0	3.4809300E-5	0.0000000E+0	-1.4305200E-6	8.0388734E-15	1.4800000E-1	8.5200000E-1
NaN	4.6670000E+0	3.5286200E-5	0.0000000E+0	-1.4305200E-6	8.0388734E-15	1.5000000E-1	8.5500000E-1
NaN	4.6680000E+0	3.5286200E-5	0.0000000E+0	-1.4305200E-6	8.0388734E-15	1.5100000E-1	8.5400000E-1
NaN	4.6690000E+0	3.4809300E-5	0.0000000E+0	-1.4305200E-6	8.0388734E-15	1.5000000E-1	8.5300000E-1
NaN	4.6700000E+0	3.5286200E-5	0.0000000E+0	-1.4305200E-6	8.0388734E-15	1.5000000E-1	8.5400000E-1
NaN	4.6710000E+0	3.5286200E-5	0.0000000E+0	-1.4305200E-6	8.0388734E-15	1.6200000E-1	8.6600000E-1
NaN	4.6720000E+0	3.4809300E-5	0.0000000E+0	-1.4305200E-6	8.0388734E-15	1.4600000E-1	8.4900000E-1
NaN	4.6730000E+0	3.4809300E-5	0.0000000E+0	-1.4305200E-6	8.0388734E-15	1.4600000E-1	8.4800000E-1
NaN	4.6740000E+0	3.5286200E-5	0.0000000E+0	-1.4305200E-6	8.0388734E-15	1.5200000E-1	8.5600000E-1
NaN	4.6750000E+0	3.4809300E-5	0.0000000E+0	-1.4305200E-6	8.0388734E-15	1.5800000E-1	8.6100000E-1
NaN	4.6760000E+0	3.4809300E-5	0.0000000E+0	-1.4305200E-6	8.0388734E-15	1.4800000E-1	8.5000000E-1
NaN	4.6770000E+0	3.4809300E-5	0.0000000E+0	-1.4305200E-6	8.0388734E-15	1.4800000E-1	8.4900000E-1
NaN	4.6780000E+0	3.4427860E-5	9.5360000E-8	-1.4305200E-6	8.0388734E-15	1.5000000E-1	8.5400000E-1
NaN	4.6790000E+0	3.4809300E-5	0.0000000E+0	-1.4305200E-6	8.0388734E-15	1.5200000E-1	8.5500000E-1
NaN	4.6800000E+0	3.4809300E-5	0.0000000E+0	-1.4305200E-6	8.0388734E-15	1.4600000E-1	8.4800000E-1
NaN	4.6810000E+0	3.4809300E-5	0.0000000E+0	-1.4305200E-6	8.0388734E-15	1.6000000E-1	8.6300000E-1
NaN	4.6820000E+0	3.4618580E-5	1.1679167E-7	-1.4305200E-6	8.0388734E-15	1.5200000E-1	8.5600000E-1
NaN	4.6830000E+0	3.4809300E-5	0.0000000E+0	-1.4305200E-6	8.0388734E-15	1.5800000E-1	8.6200000E-1
NaN	4.6840000E+0	3.4332500E-5	0.0000000E+0	-1.4305200E-6	8.0388734E-15	1.5000000E-1	8.5300000E-1
NaN	4.6850000E+0	3.4332500E-5	0.0000000E+0	-1.4305200E-6	8.0388734E-15	1.5500000E-1	8.5700000E-1
NaN	4.6860000E+0	3.4713940E-5	9.5360000E-8	-1.4305200E-6	8.0388734E-15	1.5000000E-1	8.5400000E-1
NaN	4.6870000E+0	3.4809300E-5	0.0000000E+0	-9.5368200E-7	5.6843419E-15	1.5900000E-1	8.6200000E-1
NaN	4.6880000E+0	3.4332500E-5	0.0000000E+0	-1.4305200E-6	8.0388734E-15	1.5000000E-1	8.5300000E-1
NaN	4.6890000E+0	3.4332500E-5	0.0000000E+0	-1.4305200E-6	8.0388734E-15	1.6000000E-1	8.6300000E-1
NaN	4.6900000E+0	3.4523220E-5	1.1679167E-7	-1.4305200E-6	8.0388734E-15	1.5000000E-1	8.5400000E-1
NaN	4.6910000E+0	3.4332500E-5	0.0000000E+0	-1.4305200E-6	8.0388734E-15	1.6100000E-1	8.6600000E-1
NaN	4.6920000E+0	3.4332500E-5	0.0000000E+0	-1.4305200E-6	8.0388734E-15	1.5000000E-1	8.5300000E-1
NaN	4.6930000E+0	3.4809300E-5	0.0000000E+0	-9.5368200E-7	5.6843419E-15	1.5000000E-1	8.5200000E-1
NaN	4.6940000E+0	3.3855700E-5	0.0000000E+0	-9.5368200E-7	5.6843419E-15	1.5000000E-1	8.5300000E-1
NaN	4.6950000E+0	3.3855700E-5	0.0000000E+0	-9.5368200E-7	5.6843419E-15	1.5100000E-1	8.5500000E-1
NaN	4.6960000E+0	3.4332500E-5	0.0000000E+0	-1.4305200E-6	8.0388734E-15	1.4800000E-1	8.5100000E-1
NaN	4.6970000E+0	3.4332500E-5	0.0000000E+0	-1.4305200E-6	8.0388734E-15	1.5400000E-1	8.5600000E-1
NaN	4.6980000E+0	3.3855700E-5	0.0000000E+0	-9.5368200E-7	5.6843419E-15	1.5000000E-1	8.5300000E-1
NaN	4.6990000E+0	3.3855700E-5	0.0000000E+0	-1.4305200E-6	8.0388734E-15	1.5100000E-1	8.5400000E-1
NaN	4.7000000E+0	3.4618580E-5	1.1679167E-7	-9.5368200E-7	5.6843419E-15	1.6000000E-1	8.6300000E-1
NaN	4.7010000E+0	3.4332500E-5	0.0000000E+0	-9.5368200E-7	5.6843419E-15	1.4800000E-1	8.5000000E-1
NaN	4.7020000E+0	3.3855700E-5	0.0000000E+0	-1.4305200E-6	8.0388734E-15	1.5900000E-1	8.6200000E-1
NaN	4.7030000E+0	3.4332500E-5	0.0000000E+0	-1.4305200E-6	8.0388734E-15	1.4900000E-1	8.5300000E-1
NaN	4.7040000E+0	3.4332500E-5	0.0000000E+0	-1.4305200E-6	8.0388734E-15	1.5200000E-1	8.5500000E-1
NaN	4.7050000E+0	3.4046420E-5	1.1679167E-7	-1.4305200E-6	8.0388734E-15	1.5000000E-1	8.5200000E-1
NaN	4.7060000E+0	3.4332500E-5	0.0000000E+0	-1.4305200E-6	8.0388734E-15	1.6000000E-1	8.6400000E-1
NaN	4.7070000E+0	3.4332500E-5	0.0000000E+0	-9.5368200E-7	5.6843419E-15	1.4700000E-1	8.5000000E-1
NaN	4.7080000E+0	3.3855700E-5	0.0000000E+0	-9.5368200E-7	5.6843419E-15	1.5800000E-1	8.6100000E-1
NaN	4.7090000E+0	3.4332500E-5	0.0000000E+0	-1.4305200E-6	8.0388734E-15	1.4600000E-1	8.4900000E-1
NaN	4.7100000E+0	3.4332500E-5	0.0000000E+0	-1.4305200E-6	8.0388734E-15	1.5000000E-1	8.5300000E-1
NaN	4.7110000E+0	3.3951060E-5	9.5360000E-8	-1.4305200E-6	8.0388734E-15	1.5100000E-1	8.5400000E-1
NaN	4.7120000E+0	3.4332500E-5	0.0000000E+0	-1.4305200E-6	8.0388734E-15	1.5200000E-1	8.5400000E-1
NaN	4.7130000E+0	3.4332500E-5	0.0000000E+0	-9.5368200E-7	5.6843419E-15	1.5400000E-1	8.5800000E-1
NaN	4.7140000E+0	3.3855700E-5	0.0000000E+0	-1.4305200E-6	8.0388734E-15	1.5800000E-1	8.6100000E-1
NaN	4.7150000E+0	3.3855700E-5	0.0000000E+0	-9.5368200E-7	5.6843419E-15	1.4900000E-1	8.5200000E-1
NaN	4.7160000E+0	3.4332500E-5	0.0000000E+0	-1.4305200E-6	8.0388734E-15	1.5600000E-1	8.5900000E-1
NaN	4.7170000E+0	3.4332500E-5	0.0000000E+0	-1.4305200E-6	8.0388734E-15	1.5000000E-1	8.5500000E-1
NaN	4.7180000E+0	3.3855700E-5	0.0000000E+0	-1.4305200E-6	8.0388734E-15	1.5800000E-1	8.6200000E-1
NaN	4.7190000E+0	3.3855700E-5	0.0000000E+0	-1.4305200E-6	8.0388734E-15	1.5400000E-1	8.5700000E-1
NaN	4.7200000E+0	3.4332500E-5	0.0000000E+0	-9.5368200E-7	5.6843419E-15	1.6000000E-1	8.6200000E-1
NaN	4.7210000E+0	3.3855700E-5	0.0000000E+0	-1.4305200E-6	8.0388734E-15	1.4700000E-1	8.5000000E-1
NaN	4.7220000E+0	3.4332500E-5	0.0000000E+0	-1.0490496E-6	9.5367600E-8	1.6200000E-1	8.6500000E-1
NaN	4.7230000E+0	3.4332500E-5	0.0000000E+0	-1.4305200E-6	8.0388734E-15	1.5400000E-1	8.5800000E-1
NaN	4.7240000E+0	3.3855700E-5	0.0000000E+0	-1.4305200E-6	8.0388734E-15	1.5600000E-1	8.5800000E-1
NaN	4.7250000E+0	3.4332500E-5	0.0000000E+0	-1.4305200E-6	8.0388734E-15	1.5000000E-1	8.5300000E-1
NaN	4.7260000E+0	3.4332500E-5	0.0000000E+0	-1.1444172E-6	1.1680098E-7	1.4600000E-1	8.5000000E-1
NaN	4.7270000E+0	3.3855700E-5	0.0000000E+0	-1.1444172E-6	1.1680098E-7	1.5200000E-1	8.5500000E-1
NaN	4.7280000E+0	3.3855700E-5	0.0000000E+0	-1.0490496E-6	9.5367600E-8	1.5000000E-1	8.5200000E-1
NaN	4.7290000E+0	3.4332500E-5	0.0000000E+0	-1.4305200E-6	8.0388734E-15	1.5000000E-1	8.5300000E-1
NaN	4.7300000E+0	3.4046420E-5	1.1679167E-7	-9.5368200E-7	5.6843419E-15	1.5000000E-1	8.5400000E-1
NaN	4.7310000E+0	3.3855700E-5	0.0000000E+0	-1.3351524E-6	9.5367600E-8	1.4800000E-1	8.5100000E-1
NaN	4.7320000E+0	3.4332500E-5	0.0000000E+0	-1.4305200E-6	8.0388734E-15	1.4600000E-1	8.4800000E-1
NaN	4.7330000E+0	3.4332500E-5	0.0000000E+0	-1.4305200E-6	8.0388734E-15	1.4600000E-1	8.5000000E-1
NaN	4.7340000E+0	3.4332500E-5	0.0000000E+0	-1.4305200E-6	8.0388734E-15	1.5000000E-1	8.5400000E-1
NaN	4.7350000E+0	3.4332500E-5	0.0000000E+0	-1.4305200E-6	8.0388734E-15	1.5800000E-1	8.6100000E-1
NaN	4.7360000E+0	3.4332500E-5	0.0000000E+0	-9.5368200E-7	5.6843419E-15	1.5000000E-1	8.5200000E-1
NaN	4.7370000E+0	3.4141780E-5	1.1679167E-7	-1.4305200E-6	8.0388734E-15	1.6000000E-1	8.6400000E-1
NaN	4.7380000E+0	3.3855700E-5	0.0000000E+0	-1.3351524E-6	9.5367600E-8	1.4800000E-1	8.5100000E-1
NaN	4.7390000E+0	3.4332500E-5	0.0000000E+0	-1.0490496E-6	9.5367600E-8	1.5200000E-1	8.5500000E-1
NaN	4.7400000E+0	3.4332500E-5	0.0000000E+0	-9.5368200E-7	5.6843419E-15	1.4800000E-1	8.5000000E-1
NaN	4.7410000E+0	3.3855700E-5	0.0000000E+0	-9.5368200E-7	5.6843419E-15	1.5800000E-1	8.6200000E-1
NaN	4.7420000E+0	3.4332500E-5	0.0000000E+0	-9.5368200E-7	5.6843419E-15	1.5300000E-1	8.5600000E-1
NaN	4.7430000E+0	3.3855700E-5	0.0000000E+0	-1.4305200E-6	8.0388734E-15	1.5200000E-1	8.5500000E-1
NaN	4.7440000E+0	3.4332500E-5	0.0000000E+0	-1.4305200E-6	8.0388734E-15	1.5200000E-1	8.5400000E-1
NaN	4.7450000E+0	3.4332500E-5	0.0000000E+0	-9.5368200E-7	5.6843419E-15	1.5200000E-1	8.5700000E-1
NaN	4.7460000E+0	3.3855700E-5	0.0000000E+0	-1.4305200E-6	8.0388734E-15	1.4500000E-1	8.4800000E-1
NaN	4.7470000E+0	3.4332500E-5	0.0000000E+0	-9.5368200E-7	5.6843419E-15	1.6000000E-1	8.6300000E-1
NaN	4.7480000E+0	3.3855700E-5	0.0000000E+0	-9.5368200E-7	5.6843419E-15	1.4800000E-1	8.5000000E-1
NaN	4.7490000E+0	3.3855700E-5	0.0000000E+0	-1.4305200E-6	8.0388734E-15	1.5600000E-1	8.6000000E-1
NaN	4.7500000E+0	3.3855700E-5	0.0000000E+0	-9.5368200E-7	5.6843419E-15	1.5300000E-1	8.5600000E-1
NaN	4.7510000E+0	3.3855700E-5	0.0000000E+0	-1.4305200E-6	8.0388734E-15	1.5800000E-1	8.6100000E-1
NaN	4.7520000E+0	3.3855700E-5	0.0000000E+0	-1.4305200E-6	8.0388734E-15	1.5000000E-1	8.5200000E-1
NaN	4.7530000E+0	3.3855700E-5	0.0000000E+0	-1.1444172E-6	1.1680098E-7	1.6000000E-1	8.6300000E-1
NaN	4.7540000E+0	3.3855700E-5	0.0000000E+0	-9.5368200E-7	5.6843419E-15	1.4900000E-1	8.5200000E-1
NaN	4.7550000E+0	3.3855700E-5	0.0000000E+0	-1.4305200E-6	8.0388734E-15	1.4800000E-1	8.5100000E-1
NaN	4.7560000E+0	3.3855700E-5	0.0000000E+0	-1.4305200E-6	8.0388734E-15	1.5000000E-1	8.5400000E-1
NaN	4.7570000E+0	3.3855700E-5	0.0000000E+0	-1.4305200E-6	8.0388734E-15	1.5600000E-1	8.6000000E-1
NaN	4.7580000E+0	3.3855700E-5	0.0000000E+0	-1.4305200E-6	8.0388734E-15	1.4900000E-1	8.5200000E-1
NaN	4.7590000E+0	3.3855700E-5	0.0000000E+0	-1.2397848E-6	1.1680098E-7	1.4600000E-1	8.4900000E-1
NaN	4.7600000E+0	3.3855700E-5	0.0000000E+0	-1.4305200E-6	8.0388734E-15	1.5000000E-1	8.5300000E-1
NaN	4.7610000E+0	3.3855700E-5	0.0000000E+0	-1.4305200E-6	8.0388734E-15	1.4800000E-1	8.5200000E-1
NaN	4.7620000E+0	3.3855700E-5	0.0000000E+0	-1.4305200E-6	8.0388734E-15	1.4600000E-1	8.4900000E-1
NaN	4.7630000E+0	3.3855700E-5	0.0000000E+0	-1.4305200E-6	8.0388734E-15	1.6000000E-1	8.6200000E-1
NaN	4.7640000E+0	3.3378800E-5	0.0000000E+0	-1.4305200E-6	8.0388734E-15	1.4400000E-1	8.4700000E-1
NaN	4.7650000E+0	3.3855700E-5	0.0000000E+0	-1.4305200E-6	8.0388734E-15	1.4800000E-1	8.5200000E-1
NaN	4.7660000E+0	3.3855700E-5	0.0000000E+0	-1.2397848E-6	1.1680098E-7	1.5000000E-1	8.5300000E-1
NaN	4.7670000E+0	3.3855700E-5	0.0000000E+0	-1.4305200E-6	8.0388734E-15	1.5200000E-1	8.5400000E-1
NaN	4.7680000E+0	3.3855700E-5	0.0000000E+0	-1.4305200E-6	8.0388734E-15	1.4700000E-1	8.5000000E-1
NaN	4.7690000E+0	3.3855700E-5	0.0000000E+0	-1.4305200E-6	8.0388734E-15	1.5200000E-1	8.5600000E-1
NaN	4.7700000E+0	3.3855700E-5	0.0000000E+0	-1.4305200E-6	8.0388734E-15	1.5200000E-1	8.5900000E-1
NaN	4.7710000E+0	3.3855700E-5	0.0000000E+0	-1.2397848E-6	1.1680098E-7	1.4800000E-1	8.4900000E-1
NaN	4.7720000E+0	3.3474180E-5	9.5380000E-8	-9.5368200E-7	5.6843419E-15	1.5000000E-1	8.5400000E-1
NaN	4.7730000E+0	3.3378800E-5	0.0000000E+0	-9.5368200E-7	5.6843419E-15	1.4400000E-1	8.4900000E-1
NaN	4.7740000E+0	3.3378800E-5	0.0000000E+0	-1.4305200E-6	8.0388734E-15	1.5200000E-1	8.5500000E-1
NaN	4.7750000E+0	3.3855700E-5	0.0000000E+0	-9.5368200E-7	5.6843419E-15	1.5600000E-1	8.5800000E-1
NaN	4.7760000E+0	3.3378800E-5	0.0000000E+0	-9.5368200E-7	5.6843419E-15	1.4800000E-1	8.5200000E-1
NaN	4.7770000E+0	3.3378800E-5	0.0000000E+0	-1.4305200E-6	8.0388734E-15	1.5000000E-1	8.5400000E-1
NaN	4.7780000E+0	3.3378800E-5	0.0000000E+0	-1.4305200E-6	8.0388734E-15	1.5400000E-1	8.5700000E-1
NaN	4.7790000E+0	3.3378800E-5	0.0000000E+0	-1.4305200E-6	8.0388734E-15	1.4800000E-1	8.5000000E-1
NaN	4.7800000E+0	3.3378800E-5	0.0000000E+0	-1.0490496E-6	9.5367600E-8	1.5400000E-1	8.5900000E-1
NaN	4.7810000E+0	3.3760320E-5	9.5380000E-8	-1.4305200E-6	8.0388734E-15	1.5700000E-1	8.6000000E-1
NaN	4.7820000E+0	3.3378800E-5	0.0000000E+0	-1.1444172E-6	1.1680098E-7	1.5000000E-1	8.5400000E-1
NaN	4.7830000E+0	3.3378800E-5	0.0000000E+0	-1.4305200E-6	8.0388734E-15	1.5800000E-1	8.6000000E-1
NaN	4.7840000E+0	3.3378800E-5	0.0000000E+0	-9.5368200E-7	5.6843419E-15	1.5200000E-1	8.5600000E-1
NaN	4.7850000E+0	3.3378800E-5	0.0000000E+0	-1.4305200E-6	8.0388734E-15	1.5700000E-1	8.6000000E-1
NaN	4.7860000E+0	3.3378800E-5	0.0000000E+0	-1.4305200E-6	8.0388734E-15	1.4800000E-1	8.5100000E-1
NaN	4.7870000E+0	3.3378800E-5	0.0000000E+0	-9.5368200E-7	5.6843419E-15	1.5600000E-1	8.5800000E-1
NaN	4.7880000E+0	3.2902000E-5	1.8189894E-13	-1.0490496E-6	9.5367600E-8	1.5200000E-1	8.5500000E-1
NaN	4.7890000E+0	3.3378800E-5	0.0000000E+0	-9.5368200E-7	5.6843419E-15	1.5100000E-1	8.5400000E-1
NaN	4.7900000E+0	3.3855700E-5	0.0000000E+0	-9.5368200E-7	5.6843419E-15	1.4900000E-1	8.5200000E-1
NaN	4.7910000E+0	3.3283440E-5	9.5360000E-8	-1.4305200E-6	8.0388734E-15	1.5200000E-1	8.5400000E-1
NaN	4.7920000E+0	3.3378800E-5	0.0000000E+0	-1.4305200E-6	8.0388734E-15	1.5000000E-1	8.5400000E-1
NaN	4.7930000E+0	3.3378800E-5	0.0000000E+0	-1.1444172E-6	1.1680098E-7	1.4900000E-1	8.5200000E-1
NaN	4.7940000E+0	3.3378800E-5	0.0000000E+0	-1.4305200E-6	8.0388734E-15	1.5200000E-1	8.5500000E-1
NaN	4.7950000E+0	3.2902000E-5	1.8189894E-13	-1.4305200E-6	8.0388734E-15	1.4800000E-1	8.5000000E-1
NaN	4.7960000E+0	3.2902000E-5	1.8189894E-13	-1.4305200E-6	8.0388734E-15	1.5000000E-1	8.5400000E-1
NaN	4.7970000E+0	3.3378800E-5	0.0000000E+0	-1.4305200E-6	8.0388734E-15	1.5300000E-1	8.5600000E-1
NaN	4.7980000E+0	3.2902000E-5	1.8189894E-13	-1.4305200E-6	8.0388734E-15	1.4800000E-1	8.5100000E-1
NaN	4.7990000E+0	3.2902000E-5	1.8189894E-13	-1.4305200E-6	8.0388734E-15	1.5000000E-1	8.5400000E-1
