#Wait time:    aussen: 2.000 s    1.innen: 1.000 s    innen: 0.500 s
#Zaehler	SM XPS1	CHX	CHXErr	CHY	CHYErr	MessZeit(s)	ZeitproPunkt(s)
NaN	4.2000000E+0	1.9531400E-3	1.1641532E-11	0.0000000E+0	0.0000000E+0	1.8700000E-1	1.9910000E+0
NaN	4.2010000E+0	1.8921000E-3	0.0000000E+0	0.0000000E+0	0.0000000E+0	1.3000000E-1	8.3200000E-1
NaN	4.2020000E+0	1.8921000E-3	0.0000000E+0	0.0000000E+0	0.0000000E+0	1.2600000E-1	8.2900000E-1
NaN	4.2030000E+0	1.8310600E-3	0.0000000E+0	0.0000000E+0	0.0000000E+0	1.2600000E-1	8.2800000E-1
NaN	4.2040000E+0	1.7700300E-3	1.1641532E-11	0.0000000E+0	0.0000000E+0	1.2800000E-1	8.3200000E-1
NaN	4.2050000E+0	1.7089900E-3	0.0000000E+0	0.0000000E+0	0.0000000E+0	1.2100000E-1	8.2400000E-1
NaN	4.2060000E+0	1.6479600E-3	0.0000000E+0	0.0000000E+0	0.0000000E+0	1.1500000E-1	8.1900000E-1
NaN	4.2070000E+0	1.6479600E-3	0.0000000E+0	0.0000000E+0	0.0000000E+0	1.1600000E-1	8.1700000E-1
NaN	4.2080000E+0	1.5869200E-3	0.0000000E+0	0.0000000E+0	0.0000000E+0	1.1600000E-1	8.2000000E-1
NaN	4.2090000E+0	1.5869200E-3	0.0000000E+0	0.0000000E+0	0.0000000E+0	1.1200000E-1	8.1500000E-1
NaN	4.2100000E+0	1.5258900E-3	0.0000000E+0	0.0000000E+0	0.0000000E+0	1.1200000E-1	8.1400000E-1
NaN	4.2110000E+0	1.5258900E-3	0.0000000E+0	0.0000000E+0	0.0000000E+0	1.1400000E-1	8.1700000E-1
NaN	4.2120000E+0	1.5258900E-3	0.0000000E+0	0.0000000E+0	0.0000000E+0	1.1900000E-1	8.2100000E-1
NaN	4.2130000E+0	1.5258900E-3	0.0000000E+0	0.0000000E+0	0.0000000E+0	1.1600000E-1	8.2000000E-1
NaN	4.2140000E+0	1.5258900E-3	0.0000000E+0	0.0000000E+0	0.0000000E+0	1.1900000E-1	8.2200000E-1
NaN	4.2150000E+0	1.5258900E-3	0.0000000E+0	0.0000000E+0	0.0000000E+0	1.1400000E-1	8.1700000E-1
NaN	4.2160000E+0	1.5258900E-3	0.0000000E+0	0.0000000E+0	0.0000000E+0	1.1600000E-1	8.1900000E-1
NaN	4.2170000E+0	1.5258900E-3	0.0000000E+0	0.0000000E+0	0.0000000E+0	1.1400000E-1	8.1500000E-1
NaN	4.2180000E+0	1.4648500E-3	0.0000000E+0	0.0000000E+0	0.0000000E+0	1.2100000E-1	8.2500000E-1
NaN	4.2190000E+0	1.4648500E-3	0.0000000E+0	0.0000000E+0	0.0000000E+0	1.1300000E-1	8.1600000E-1
NaN	4.2200000E+0	1.4648500E-3	0.0000000E+0	0.0000000E+0	0.0000000E+0	1.1400000E-1	8.1700000E-1
NaN	4.2210000E+0	1.4648500E-3	0.0000000E+0	0.0000000E+0	0.0000000E+0	1.1400000E-1	8.1600000E-1
NaN	4.2220000E+0	1.4648500E-3	0.0000000E+0	0.0000000E+0	0.0000000E+0	1.1600000E-1	8.1900000E-1
NaN	4.2230000E+0	1.4648500E-3	0.0000000E+0	0.0000000E+0	0.0000000E+0	1.1400000E-1	8.1700000E-1
NaN	4.2240000E+0	1.4648500E-3	0.0000000E+0	0.0000000E+0	0.0000000E+0	1.1400000E-1	8.1500000E-1
NaN	4.2250000E+0	1.4648500E-3	0.0000000E+0	0.0000000E+0	0.0000000E+0	1.1400000E-1	8.1700000E-1
NaN	4.2260000E+0	1.4648500E-3	0.0000000E+0	0.0000000E+0	0.0000000E+0	1.1500000E-1	8.1800000E-1
NaN	4.2270000E+0	1.4648500E-3	0.0000000E+0	0.0000000E+0	0.0000000E+0	1.1800000E-1	8.2100000E-1
NaN	4.2280000E+0	1.4648500E-3	0.0000000E+0	0.0000000E+0	0.0000000E+0	1.1200000E-1	8.1500000E-1
NaN	4.2290000E+0	1.4648500E-3	0.0000000E+0	0.0000000E+0	0.0000000E+0	1.1200000E-1	8.1500000E-1
NaN	4.2300000E+0	1.4648500E-3	0.0000000E+0	0.0000000E+0	0.0000000E+0	1.1400000E-1	8.1700000E-1
NaN	4.2310000E+0	1.4648500E-3	0.0000000E+0	0.0000000E+0	0.0000000E+0	1.1400000E-1	8.1600000E-1
NaN	4.2320000E+0	1.4648500E-3	0.0000000E+0	0.0000000E+0	0.0000000E+0	1.1000000E-1	8.1300000E-1
NaN	4.2330000E+0	1.4648500E-3	0.0000000E+0	0.0000000E+0	0.0000000E+0	1.0900000E-1	8.1100000E-1
NaN	4.2340000E+0	1.4648500E-3	0.0000000E+0	0.0000000E+0	0.0000000E+0	1.2000000E-1	8.2300000E-1
NaN	4.2350000E+0	1.4648500E-3	0.0000000E+0	0.0000000E+0	0.0000000E+0	1.2000000E-1	8.2400000E-1
NaN	4.2360000E+0	1.4648500E-3	0.0000000E+0	0.0000000E+0	0.0000000E+0	1.1400000E-1	8.1800000E-1
NaN	4.2370000E+0	1.4648500E-3	0.0000000E+0	0.0000000E+0	0.0000000E+0	1.2200000E-1	8.2500000E-1
NaN	4.2380000E+0	1.4648500E-3	0.0000000E+0	0.0000000E+0	0.0000000E+0	1.1600000E-1	8.1800000E-1
NaN	4.2390000E+0	1.4648500E-3	0.0000000E+0	0.0000000E+0	0.0000000E+0	1.2400000E-1	8.2800000E-1
NaN	4.2400000E+0	1.4648500E-3	0.0000000E+0	0.0000000E+0	0.0000000E+0	1.1300000E-1	8.1600000E-1
NaN	4.2410000E+0	1.4648500E-3	0.0000000E+0	0.0000000E+0	0.0000000E+0	1.2200000E-1	8.2400000E-1
NaN	4.2420000E+0	1.4648500E-3	0.0000000E+0	0.0000000E+0	0.0000000E+0	1.1400000E-1	8.1700000E-1
NaN	4.2430000E+0	1.4892660E-3	1.4951685E-5	0.0000000E+0	0.0000000E+0	1.1200000E-1	8.1500000E-1
NaN	4.2440000E+0	1.5258900E-3	0.0000000E+0	0.0000000E+0	0.0000000E+0	1.1600000E-1	8.1800000E-1
NaN	4.2450000E+0	1.5258900E-3	0.0000000E+0	0.0000000E+0	0.0000000E+0	1.1800000E-1	8.1900000E-1
NaN	4.2460000E+0	1.5258900E-3	0.0000000E+0	0.0000000E+0	0.0000000E+0	1.1800000E-1	8.2100000E-1
NaN	4.2470000E+0	1.5258900E-3	0.0000000E+0	0.0000000E+0	0.0000000E+0	1.1100000E-1	8.1400000E-1
NaN	4.2480000E+0	1.5258900E-3	0.0000000E+0	0.0000000E+0	0.0000000E+0	1.1400000E-1	8.1700000E-1
NaN	4.2490000E+0	1.5258900E-3	0.0000000E+0	0.0000000E+0	0.0000000E+0	1.1200000E-1	8.1600000E-1
NaN	4.2500000E+0	1.5258900E-3	0.0000000E+0	0.0000000E+0	0.0000000E+0	1.1600000E-1	8.1800000E-1
NaN	4.2510000E+0	1.5258900E-3	0.0000000E+0	0.0000000E+0	0.0000000E+0	1.1800000E-1	8.2100000E-1
NaN	4.2520000E+0	1.5258900E-3	0.0000000E+0	0.0000000E+0	0.0000000E+0	1.1400000E-1	8.1600000E-1
NaN	4.2530000E+0	1.5258900E-3	0.0000000E+0	0.0000000E+0	0.0000000E+0	1.1000000E-1	8.1400000E-1
NaN	4.2540000E+0	1.5258900E-3	0.0000000E+0	0.0000000E+0	0.0000000E+0	1.1300000E-1	8.1600000E-1
NaN	4.2550000E+0	1.5869200E-3	0.0000000E+0	0.0000000E+0	0.0000000E+0	1.1600000E-1	8.1800000E-1
NaN	4.2560000E+0	1.5869200E-3	0.0000000E+0	0.0000000E+0	0.0000000E+0	1.2000000E-1	8.2400000E-1
NaN	4.2570000E+0	1.5869200E-3	0.0000000E+0	0.0000000E+0	0.0000000E+0	1.1600000E-1	8.1800000E-1
NaN	4.2580000E+0	1.5869200E-3	0.0000000E+0	0.0000000E+0	0.0000000E+0	1.1400000E-1	8.1700000E-1
NaN	4.2590000E+0	1.5869200E-3	0.0000000E+0	0.0000000E+0	0.0000000E+0	1.1000000E-1	8.1100000E-1
NaN	4.2600000E+0	1.5869200E-3	0.0000000E+0	0.0000000E+0	0.0000000E+0	1.1800000E-1	8.2100000E-1
NaN	4.2610000E+0	1.5869200E-3	0.0000000E+0	0.0000000E+0	0.0000000E+0	1.1600000E-1	8.1800000E-1
NaN	4.2620000E+0	1.5869200E-3	0.0000000E+0	0.0000000E+0	0.0000000E+0	1.1400000E-1	8.1600000E-1
NaN	4.2630000E+0	1.5869200E-3	0.0000000E+0	0.0000000E+0	0.0000000E+0	1.1600000E-1	8.1900000E-1
NaN	4.2640000E+0	1.5869200E-3	0.0000000E+0	0.0000000E+0	0.0000000E+0	1.2800000E-1	8.3200000E-1
NaN	4.2650000E+0	1.5869200E-3	0.0000000E+0	0.0000000E+0	0.0000000E+0	1.1600000E-1	8.1900000E-1
NaN	4.2660000E+0	1.5869200E-3	0.0000000E+0	0.0000000E+0	0.0000000E+0	1.1600000E-1	8.1700000E-1
NaN	4.2670000E+0	1.5869200E-3	0.0000000E+0	0.0000000E+0	0.0000000E+0	1.1000000E-1	8.1400000E-1
NaN	4.2680000E+0	1.5869200E-3	0.0000000E+0	0.0000000E+0	0.0000000E+0	1.1600000E-1	8.1900000E-1
NaN	4.2690000E+0	1.5869200E-3	0.0000000E+0	0.0000000E+0	0.0000000E+0	1.1200000E-1	8.1500000E-1
NaN	4.2700000E+0	1.5869200E-3	0.0000000E+0	0.0000000E+0	0.0000000E+0	1.1800000E-1	8.2200000E-1
NaN	4.2710000E+0	1.5869200E-3	0.0000000E+0	0.0000000E+0	0.0000000E+0	1.1600000E-1	8.1900000E-1
NaN	4.2720000E+0	1.5869200E-3	0.0000000E+0	0.0000000E+0	0.0000000E+0	1.2000000E-1	8.2300000E-1
NaN	4.2730000E+0	1.5869200E-3	0.0000000E+0	0.0000000E+0	0.0000000E+0	1.2600000E-1	8.2800000E-1
NaN	4.2740000E+0	1.5869200E-3	0.0000000E+0	0.0000000E+0	0.0000000E+0	1.2600000E-1	8.3000000E-1
NaN	4.2750000E+0	1.5869200E-3	0.0000000E+0	0.0000000E+0	0.0000000E+0	1.1300000E-1	8.1500000E-1
NaN	4.2760000E+0	1.5869200E-3	0.0000000E+0	0.0000000E+0	0.0000000E+0	1.2800000E-1	8.3100000E-1
NaN	4.2770000E+0	1.5869200E-3	0.0000000E+0	0.0000000E+0	0.0000000E+0	1.2800000E-1	8.3100000E-1
NaN	4.2780000E+0	1.5869200E-3	0.0000000E+0	0.0000000E+0	0.0000000E+0	1.2400000E-1	8.2700000E-1
NaN	4.2790000E+0	1.5869200E-3	0.0000000E+0	0.0000000E+0	0.0000000E+0	1.3200000E-1	8.4300000E-1
NaN	4.2800000E+0	1.5869200E-3	0.0000000E+0	0.0000000E+0	0.0000000E+0	1.2800000E-1	8.3000000E-1
NaN	4.2810000E+0	1.5869200E-3	0.0000000E+0	0.0000000E+0	0.0000000E+0	1.3200000E-1	8.3600000E-1
NaN	4.2820000E+0	1.5869200E-3	0.0000000E+0	0.0000000E+0	0.0000000E+0	1.3100000E-1	8.3400000E-1
NaN	4.2830000E+0	1.6479600E-3	0.0000000E+0	0.0000000E+0	0.0000000E+0	1.3000000E-1	8.3200000E-1
NaN	4.2840000E+0	1.6479600E-3	0.0000000E+0	0.0000000E+0	0.0000000E+0	1.3400000E-1	8.3500000E-1
NaN	4.2850000E+0	1.6479600E-3	0.0000000E+0	0.0000000E+0	0.0000000E+0	1.2800000E-1	8.3200000E-1
NaN	4.2860000E+0	1.6479600E-3	0.0000000E+0	0.0000000E+0	0.0000000E+0	1.2600000E-1	8.2800000E-1
NaN	4.2870000E+0	1.6479600E-3	0.0000000E+0	0.0000000E+0	0.0000000E+0	1.2600000E-1	8.2700000E-1
NaN	4.2880000E+0	1.6479600E-3	0.0000000E+0	0.0000000E+0	0.0000000E+0	1.2400000E-1	8.2800000E-1
NaN	4.2890000E+0	1.6479600E-3	0.0000000E+0	0.0000000E+0	0.0000000E+0	1.3200000E-1	8.3600000E-1
NaN	4.2900000E+0	1.7089900E-3	0.0000000E+0	0.0000000E+0	0.0000000E+0	1.3000000E-1	8.3300000E-1
NaN	4.2910000E+0	1.7089900E-3	0.0000000E+0	0.0000000E+0	0.0000000E+0	1.3200000E-1	8.3500000E-1
NaN	4.2920000E+0	1.7089900E-3	0.0000000E+0	0.0000000E+0	0.0000000E+0	1.2800000E-1	8.3100000E-1
NaN	4.2930000E+0	1.7089900E-3	0.0000000E+0	0.0000000E+0	0.0000000E+0	1.2900000E-1	8.3200000E-1
NaN	4.2940000E+0	1.7089900E-3	0.0000000E+0	0.0000000E+0	0.0000000E+0	1.3300000E-1	8.3600000E-1
NaN	4.2950000E+0	1.7700300E-3	1.1641532E-11	0.0000000E+0	0.0000000E+0	1.3200000E-1	8.3500000E-1
NaN	4.2960000E+0	1.7700300E-3	1.1641532E-11	0.0000000E+0	0.0000000E+0	1.2600000E-1	8.2900000E-1
NaN	4.2970000E+0	1.7700300E-3	1.1641532E-11	0.0000000E+0	0.0000000E+0	1.3200000E-1	8.3400000E-1
NaN	4.2980000E+0	1.8310600E-3	0.0000000E+0	0.0000000E+0	0.0000000E+0	1.2800000E-1	8.3000000E-1
NaN	4.2990000E+0	1.8310600E-3	0.0000000E+0	0.0000000E+0	0.0000000E+0	1.2700000E-1	8.3100000E-1
NaN	4.3000000E+0	1.8310600E-3	0.0000000E+0	0.0000000E+0	0.0000000E+0	1.2800000E-1	8.3200000E-1
NaN	4.3010000E+0	1.8310600E-3	0.0000000E+0	0.0000000E+0	0.0000000E+0	1.2900000E-1	8.3200000E-1
NaN	4.3020000E+0	1.8310600E-3	0.0000000E+0	0.0000000E+0	0.0000000E+0	1.3000000E-1	8.3200000E-1
NaN	4.3030000E+0	1.8310600E-3	0.0000000E+0	0.0000000E+0	0.0000000E+0	1.2800000E-1	8.3000000E-1
NaN	4.3040000E+0	1.8310600E-3	0.0000000E+0	0.0000000E+0	0.0000000E+0	1.2900000E-1	8.3100000E-1
NaN	4.3050000E+0	1.8310600E-3	0.0000000E+0	0.0000000E+0	0.0000000E+0	1.2600000E-1	8.2900000E-1
NaN	4.3060000E+0	1.8310600E-3	0.0000000E+0	0.0000000E+0	0.0000000E+0	1.3400000E-1	8.3700000E-1
NaN	4.3070000E+0	1.8310600E-3	0.0000000E+0	0.0000000E+0	0.0000000E+0	1.3400000E-1	8.3600000E-1
NaN	4.3080000E+0	1.8310600E-3	0.0000000E+0	0.0000000E+0	0.0000000E+0	1.2600000E-1	8.2800000E-1
NaN	4.3090000E+0	1.8310600E-3	0.0000000E+0	0.0000000E+0	0.0000000E+0	1.2200000E-1	8.2400000E-1
NaN	4.3100000E+0	1.8310600E-3	0.0000000E+0	0.0000000E+0	0.0000000E+0	1.3000000E-1	8.3300000E-1
NaN	4.3110000E+0	1.8921000E-3	0.0000000E+0	0.0000000E+0	0.0000000E+0	1.3400000E-1	8.3800000E-1
NaN	4.3120000E+0	1.8921000E-3	0.0000000E+0	0.0000000E+0	0.0000000E+0	1.2600000E-1	8.2800000E-1
NaN	4.3130000E+0	1.8921000E-3	0.0000000E+0	0.0000000E+0	0.0000000E+0	1.3000000E-1	8.3200000E-1
NaN	4.3140000E+0	1.9531400E-3	1.1641532E-11	6.1035600E-5	0.0000000E+0	1.4600000E-1	8.4800000E-1
NaN	4.3150000E+0	1.9531400E-3	1.1641532E-11	6.1035600E-5	0.0000000E+0	1.5100000E-1	8.5400000E-1
NaN	4.3160000E+0	1.9531400E-3	1.1641532E-11	6.1035600E-5	0.0000000E+0	1.5200000E-1	8.5400000E-1
NaN	4.3170000E+0	2.0141800E-3	0.0000000E+0	6.1035600E-5	0.0000000E+0	1.4200000E-1	8.4600000E-1
NaN	4.3180000E+0	2.0141800E-3	0.0000000E+0	6.1035600E-5	0.0000000E+0	1.5600000E-1	8.5900000E-1
NaN	4.3190000E+0	2.0141800E-3	0.0000000E+0	6.1035600E-5	0.0000000E+0	1.4400000E-1	8.4600000E-1
NaN	4.3200000E+0	2.0752100E-3	0.0000000E+0	6.1035600E-5	0.0000000E+0	1.5400000E-1	8.5500000E-1
NaN	4.3210000E+0	2.0752100E-3	0.0000000E+0	6.1035600E-5	0.0000000E+0	1.4400000E-1	8.4700000E-1
NaN	4.3220000E+0	2.0752100E-3	0.0000000E+0	6.1035600E-5	0.0000000E+0	1.5600000E-1	8.5900000E-1
NaN	4.3230000E+0	2.1362500E-3	0.0000000E+0	6.1035600E-5	0.0000000E+0	1.4400000E-1	8.4700000E-1
NaN	4.3240000E+0	2.1972800E-3	0.0000000E+0	6.1035600E-5	0.0000000E+0	1.4700000E-1	8.4900000E-1
NaN	4.3250000E+0	2.1972800E-3	0.0000000E+0	6.1035600E-5	0.0000000E+0	1.4600000E-1	8.4900000E-1
NaN	4.3260000E+0	2.1972800E-3	0.0000000E+0	6.1035600E-5	0.0000000E+0	1.4600000E-1	8.4800000E-1
NaN	4.3270000E+0	2.2583200E-3	0.0000000E+0	6.1035600E-5	0.0000000E+0	1.4600000E-1	8.4900000E-1
NaN	4.3280000E+0	2.3193500E-3	1.6463613E-11	6.1035600E-5	0.0000000E+0	1.5400000E-1	8.5500000E-1
NaN	4.3290000E+0	2.3803900E-3	1.6463613E-11	6.1035600E-5	0.0000000E+0	1.4400000E-1	8.4700000E-1
NaN	4.3300000E+0	2.4414200E-3	0.0000000E+0	6.1035600E-5	0.0000000E+0	1.5000000E-1	8.5300000E-1
NaN	4.3310000E+0	2.5634900E-3	0.0000000E+0	6.1035600E-5	0.0000000E+0	1.4800000E-1	8.5000000E-1
NaN	4.3320000E+0	2.6855600E-3	1.6463613E-11	6.1035600E-5	0.0000000E+0	1.5600000E-1	8.5800000E-1
NaN	4.3330000E+0	2.8076300E-3	0.0000000E+0	1.2207100E-4	1.0289758E-12	1.4600000E-1	8.4900000E-1
NaN	4.3340000E+0	2.9541160E-3	1.4951685E-5	1.2207100E-4	1.0289758E-12	1.5900000E-1	8.6100000E-1
NaN	4.3350000E+0	3.1128100E-3	0.0000000E+0	1.2207100E-4	1.0289758E-12	1.5000000E-1	8.5300000E-1
NaN	4.3360000E+0	3.2959100E-3	2.3283064E-11	1.2207100E-4	1.0289758E-12	1.6200000E-1	8.6400000E-1
NaN	4.3370000E+0	3.4179800E-3	0.0000000E+0	1.2207100E-4	1.0289758E-12	1.4200000E-1	8.4500000E-1
NaN	4.3380000E+0	3.5400500E-3	0.0000000E+0	1.8310600E-4	1.4551915E-12	1.6100000E-1	8.6400000E-1
NaN	4.3390000E+0	3.7231600E-3	0.0000000E+0	1.8310600E-4	1.4551915E-12	1.5000000E-1	8.5300000E-1
NaN	4.3400000E+0	3.8452300E-3	2.3283064E-11	1.8310600E-4	1.4551915E-12	1.5000000E-1	8.5100000E-1
NaN	4.3410000E+0	3.9184860E-3	1.2206000E-5	1.8310600E-4	1.4551915E-12	1.5200000E-1	8.5400000E-1
NaN	4.3420000E+0	4.0771820E-3	1.2208000E-5	1.8310600E-4	1.4551915E-12	1.4700000E-1	8.5000000E-1
NaN	4.3430000E+0	4.1504200E-3	0.0000000E+0	2.4414200E-4	2.0579516E-12	1.4800000E-1	8.5000000E-1
NaN	4.3440000E+0	4.2114600E-3	0.0000000E+0	2.4414200E-4	2.0579516E-12	1.4800000E-1	8.5000000E-1
NaN	4.3450000E+0	4.2114600E-3	0.0000000E+0	2.4414200E-4	2.0579516E-12	1.5000000E-1	8.5300000E-1
NaN	4.3460000E+0	4.2114600E-3	0.0000000E+0	2.4414200E-4	2.0579516E-12	1.5500000E-1	8.5800000E-1
NaN	4.3470000E+0	4.2114600E-3	0.0000000E+0	2.4414200E-4	2.0579516E-12	1.5400000E-1	8.5600000E-1
NaN	4.3480000E+0	4.1504200E-3	0.0000000E+0	2.4414200E-4	2.0579516E-12	1.4900000E-1	8.5200000E-1
NaN	4.3490000E+0	4.1504200E-3	0.0000000E+0	2.4414200E-4	2.0579516E-12	1.6000000E-1	8.6400000E-1
NaN	4.3500000E+0	4.0893900E-3	3.2927225E-11	2.4414200E-4	2.0579516E-12	1.4900000E-1	8.5200000E-1
NaN	4.3510000E+0	4.0283500E-3	2.3283064E-11	2.4414200E-4	2.0579516E-12	1.5000000E-1	8.5300000E-1
NaN	4.3520000E+0	3.9673100E-3	0.0000000E+0	2.4414200E-4	2.0579516E-12	1.5400000E-1	8.5700000E-1
NaN	4.3530000E+0	3.9062800E-3	2.3283064E-11	2.4414200E-4	2.0579516E-12	1.5200000E-1	8.5500000E-1
NaN	4.3540000E+0	3.8452300E-3	2.3283064E-11	2.4414200E-4	2.0579516E-12	1.4700000E-1	8.5000000E-1
NaN	4.3550000E+0	3.7841900E-3	0.0000000E+0	2.4414200E-4	2.0579516E-12	1.5600000E-1	8.5900000E-1
NaN	4.3560000E+0	3.7841900E-3	0.0000000E+0	2.4414200E-4	2.0579516E-12	1.5000000E-1	8.5400000E-1
NaN	4.3570000E+0	3.7231600E-3	0.0000000E+0	2.4414200E-4	2.0579516E-12	1.5800000E-1	8.6000000E-1
NaN	4.3580000E+0	3.6621200E-3	0.0000000E+0	2.4414200E-4	2.0579516E-12	1.4700000E-1	8.5000000E-1
NaN	4.3590000E+0	3.5400500E-3	0.0000000E+0	2.4414200E-4	2.0579516E-12	1.5800000E-1	8.6100000E-1
NaN	4.3600000E+0	3.5400500E-3	0.0000000E+0	2.4414200E-4	2.0579516E-12	1.4600000E-1	8.5000000E-1
NaN	4.3610000E+0	3.4790200E-3	2.3283064E-11	2.4414200E-4	2.0579516E-12	1.6000000E-1	8.6300000E-1
NaN	4.3620000E+0	3.4179800E-3	0.0000000E+0	2.4414200E-4	2.0579516E-12	1.4800000E-1	8.5100000E-1
NaN	4.3630000E+0	3.4179800E-3	0.0000000E+0	2.4414200E-4	2.0579516E-12	1.5000000E-1	8.5200000E-1
NaN	4.3640000E+0	3.4790200E-3	2.3283064E-11	2.4414200E-4	2.0579516E-12	1.5000000E-1	8.5400000E-1
NaN	4.3650000E+0	3.4790200E-3	2.3283064E-11	2.4414200E-4	2.0579516E-12	1.5600000E-1	8.5900000E-1
NaN	4.3660000E+0	3.5400500E-3	0.0000000E+0	2.4414200E-4	2.0579516E-12	1.4800000E-1	8.5100000E-1
NaN	4.3670000E+0	3.6621200E-3	0.0000000E+0	2.4414200E-4	2.0579516E-12	1.5800000E-1	8.6000000E-1
NaN	4.3680000E+0	3.7841900E-3	0.0000000E+0	2.4414200E-4	2.0579516E-12	1.5400000E-1	8.5800000E-1
NaN	4.3690000E+0	4.0039340E-3	1.4951685E-5	2.4414200E-4	2.0579516E-12	1.6200000E-1	8.6400000E-1
NaN	4.3700000E+0	4.2114600E-3	0.0000000E+0	2.4414200E-4	2.0579516E-12	1.5200000E-1	8.5500000E-1
NaN	4.3710000E+0	4.4556000E-3	0.0000000E+0	3.0517800E-4	0.0000000E+0	1.4800000E-1	8.4900000E-1
NaN	4.3720000E+0	4.8096020E-3	1.2208000E-5	3.6621300E-4	0.0000000E+0	1.4800000E-1	8.5200000E-1
NaN	4.3730000E+0	5.1880200E-3	0.0000000E+0	3.6621300E-4	0.0000000E+0	1.4200000E-1	8.4500000E-1
NaN	4.3740000E+0	5.6152600E-3	0.0000000E+0	4.2724800E-4	0.0000000E+0	1.4700000E-1	8.5000000E-1
NaN	4.3750000E+0	6.1035480E-3	1.9300962E-5	4.8828500E-4	2.9103830E-12	1.5200000E-1	8.5400000E-1
NaN	4.3760000E+0	6.6040360E-3	1.2206000E-5	5.4932000E-4	0.0000000E+0	1.5000000E-1	8.5300000E-1
NaN	4.3770000E+0	7.0801100E-3	4.6566129E-11	5.9814800E-4	1.2207000E-5	1.4800000E-1	8.5200000E-1
NaN	4.3780000E+0	7.6172140E-3	1.2206000E-5	6.3476900E-4	1.4950461E-5	1.5200000E-1	8.5500000E-1
NaN	4.3790000E+0	8.0567000E-3	4.6566129E-11	7.3242600E-4	0.0000000E+0	1.5000000E-1	8.5100000E-1
NaN	4.3800000E+0	8.4839500E-3	0.0000000E+0	7.6904700E-4	1.4950461E-5	1.5600000E-1	8.5900000E-1
NaN	4.3810000E+0	8.7891200E-3	0.0000000E+0	7.9346100E-4	0.0000000E+0	1.4300000E-1	8.4500000E-1
NaN	4.3820000E+0	9.0332600E-3	0.0000000E+0	8.5449600E-4	0.0000000E+0	1.5200000E-1	8.5500000E-1
NaN	4.3830000E+0	9.1553300E-3	0.0000000E+0	8.5449600E-4	0.0000000E+0	1.4600000E-1	8.4800000E-1
NaN	4.3840000E+0	9.2163700E-3	0.0000000E+0	8.5449600E-4	0.0000000E+0	1.5400000E-1	8.5800000E-1
NaN	4.3850000E+0	9.2774000E-3	6.5854451E-11	8.5449600E-4	0.0000000E+0	1.4300000E-1	8.4600000E-1
NaN	4.3860000E+0	9.2774000E-3	6.5854451E-11	8.5449600E-4	0.0000000E+0	1.4800000E-1	8.5000000E-1
NaN	4.3870000E+0	9.2774000E-3	6.5854451E-11	8.5449600E-4	0.0000000E+0	1.4600000E-1	8.4900000E-1
NaN	4.3880000E+0	9.2774000E-3	6.5854451E-11	8.5449600E-4	0.0000000E+0	1.5800000E-1	8.6100000E-1
NaN	4.3890000E+0	9.3994700E-3	6.5854451E-11	8.5449600E-4	0.0000000E+0	1.4500000E-1	8.4700000E-1
NaN	4.3900000E+0	9.4483020E-3	1.2208000E-5	8.5449600E-4	0.0000000E+0	1.5400000E-1	8.5700000E-1
NaN	4.3910000E+0	9.5825800E-3	6.5854451E-11	9.1553100E-4	0.0000000E+0	1.4600000E-1	8.4800000E-1
NaN	4.3920000E+0	9.7656800E-3	0.0000000E+0	9.1553100E-4	0.0000000E+0	1.4800000E-1	8.5100000E-1
NaN	4.3930000E+0	9.9487900E-3	0.0000000E+0	9.1553100E-4	0.0000000E+0	1.5000000E-1	8.5300000E-1
NaN	4.3940000E+0	1.0254000E-2	0.0000000E+0	9.1553100E-4	0.0000000E+0	1.4400000E-1	8.4600000E-1
NaN	4.3950000E+0	1.0546900E-2	1.2200000E-5	9.7657000E-4	5.8207661E-12	1.5200000E-1	8.5400000E-1
NaN	4.3960000E+0	1.0852100E-2	1.2200000E-5	9.7657000E-4	5.8207661E-12	1.4200000E-1	8.4600000E-1
NaN	4.3970000E+0	1.1193900E-2	1.4941887E-5	1.0376100E-3	5.8207661E-12	1.4800000E-1	8.5100000E-1
NaN	4.3980000E+0	1.1511300E-2	1.4941887E-5	1.0986400E-3	0.0000000E+0	1.4200000E-1	8.4300000E-1
NaN	4.3990000E+0	1.1840900E-2	0.0000000E+0	1.1596800E-3	8.2318063E-12	1.4400000E-1	8.4700000E-1
NaN	4.4000000E+0	1.2146100E-2	0.0000000E+0	1.1596800E-3	8.2318063E-12	1.4400000E-1	8.4700000E-1
NaN	4.4010000E+0	1.2390200E-2	0.0000000E+0	1.1596800E-3	8.2318063E-12	1.4800000E-1	8.5000000E-1
NaN	4.4020000E+0	1.2573300E-2	0.0000000E+0	1.2207100E-3	0.0000000E+0	1.4600000E-1	8.4800000E-1
NaN	4.4030000E+0	1.2732000E-2	1.4941887E-5	1.2207100E-3	0.0000000E+0	1.5000000E-1	8.5400000E-1
NaN	4.4040000E+0	1.2695400E-2	0.0000000E+0	1.1596800E-3	8.2318063E-12	1.4300000E-1	8.4700000E-1
NaN	4.4050000E+0	1.2634300E-2	9.3132257E-11	1.1596800E-3	8.2318063E-12	1.5000000E-1	8.5300000E-1
NaN	4.4060000E+0	1.2475640E-2	1.4966382E-5	1.1230560E-3	1.4951685E-5	1.4300000E-1	8.4500000E-1
NaN	4.4070000E+0	1.2207100E-2	0.0000000E+0	1.0986400E-3	0.0000000E+0	1.4400000E-1	8.4800000E-1
NaN	4.4080000E+0	1.1987400E-2	1.4941887E-5	1.0376100E-3	5.8207661E-12	1.4100000E-1	8.4400000E-1
NaN	4.4090000E+0	1.1779800E-2	6.5854451E-11	9.7657000E-4	5.8207661E-12	1.4400000E-1	8.4600000E-1
NaN	4.4100000E+0	1.1621140E-2	1.4966382E-5	9.1553100E-4	0.0000000E+0	1.4800000E-1	8.5100000E-1
NaN	4.4110000E+0	1.1657800E-2	9.3132257E-11	9.1553100E-4	0.0000000E+0	1.4800000E-1	8.5700000E-1
NaN	4.4120000E+0	1.1840900E-2	0.0000000E+0	9.1553100E-4	0.0000000E+0	1.4100000E-1	8.4400000E-1
NaN	4.4130000E+0	1.2329200E-2	0.0000000E+0	9.1553100E-4	0.0000000E+0	1.4600000E-1	8.4800000E-1
NaN	4.4140000E+0	1.3086000E-2	1.4941887E-5	9.7657000E-4	5.8207661E-12	1.4400000E-1	8.4900000E-1
NaN	4.4150000E+0	1.4172440E-2	2.2845494E-5	1.0376100E-3	5.8207661E-12	1.4200000E-1	8.4400000E-1
NaN	4.4160000E+0	1.5466380E-2	3.1117751E-5	1.1596800E-3	8.2318063E-12	1.4800000E-1	8.5000000E-1
NaN	4.4170000E+0	1.7163200E-2	2.2824110E-5	1.2207100E-3	0.0000000E+0	1.4000000E-1	8.4100000E-1
NaN	4.4180000E+0	1.9091940E-2	3.5589389E-5	1.3427800E-3	8.2318063E-12	1.4200000E-1	8.4600000E-1
NaN	4.4190000E+0	2.1338020E-2	3.1117751E-5	1.4770580E-3	1.2208000E-5	1.4400000E-1	8.4700000E-1
NaN	4.4200000E+0	2.3803840E-2	4.3154729E-5	1.5869200E-3	0.0000000E+0	1.4200000E-1	8.4500000E-1
NaN	4.4210000E+0	2.6538180E-2	3.5584244E-5	1.7089900E-3	0.0000000E+0	1.4400000E-1	8.4500000E-1
NaN	4.4220000E+0	2.9297000E-2	4.3161800E-5	1.8310600E-3	0.0000000E+0	1.4000000E-1	8.4300000E-1
NaN	4.4230000E+0	3.2177960E-2	4.4848797E-5	1.8921000E-3	0.0000000E+0	1.5600000E-1	8.5900000E-1
NaN	4.4240000E+0	3.5058840E-2	4.9594794E-5	1.9531400E-3	1.1641532E-11	1.3800000E-1	8.4100000E-1
NaN	4.4250000E+0	3.8379140E-2	5.2511385E-5	2.0141800E-3	0.0000000E+0	1.3800000E-1	8.3900000E-1
NaN	4.4260000E+0	4.2175520E-2	5.7906575E-5	2.0141800E-3	0.0000000E+0	1.4200000E-1	8.4600000E-1
NaN	4.4270000E+0	4.6313720E-2	5.2510222E-5	2.0752100E-3	0.0000000E+0	1.4100000E-1	8.4300000E-1
NaN	4.4280000E+0	5.0549540E-2	6.5179817E-5	2.1972800E-3	0.0000000E+0	1.4400000E-1	8.4700000E-1
NaN	4.4290000E+0	5.5163800E-2	6.5172325E-5	2.2583200E-3	0.0000000E+0	1.5600000E-1	8.5800000E-1
NaN	4.4300000E+0	6.0022220E-2	6.5734294E-5	2.3803900E-3	1.6463613E-11	1.4000000E-1	8.4400000E-1
NaN	4.4310000E+0	6.5381360E-2	8.7175837E-5	2.5634900E-3	0.0000000E+0	1.3900000E-1	8.4200000E-1
NaN	4.4320000E+0	7.1094220E-2	7.8154036E-5	2.7466000E-3	0.0000000E+0	1.4400000E-1	8.4600000E-1
NaN	4.4330000E+0	7.6221180E-2	7.8175900E-5	2.9541160E-3	1.4951685E-5	1.4200000E-1	8.4400000E-1
NaN	4.4340000E+0	8.1653300E-2	7.8161064E-5	3.1738400E-3	0.0000000E+0	1.4000000E-1	8.4400000E-1
NaN	4.4350000E+0	8.6902320E-2	7.8154036E-5	3.3569500E-3	0.0000000E+0	1.4400000E-1	8.4600000E-1
NaN	4.4360000E+0	9.2297860E-2	8.7175837E-5	3.5400500E-3	0.0000000E+0	1.4600000E-1	8.4800000E-1
NaN	4.4370000E+0	9.7913060E-2	8.7175837E-5	3.7231600E-3	0.0000000E+0	1.4000000E-1	8.4400000E-1
NaN	4.4380000E+0	1.0393080E-1	9.5285046E-5	3.8452300E-3	2.3283064E-11	1.4000000E-1	8.4400000E-1
NaN	4.4390000E+0	1.1052280E-1	9.5285046E-5	3.9795180E-3	1.2208000E-5	1.3800000E-1	8.4000000E-1
NaN	4.4400000E+0	1.1906780E-1	1.3829657E-4	4.1015960E-3	1.2206000E-5	1.3600000E-1	8.3800000E-1
NaN	4.4410000E+0	1.2971300E-1	1.6085335E-4	4.2724900E-3	2.3283064E-11	1.3200000E-1	8.3500000E-1
NaN	4.4420000E+0	1.4384860E-1	2.1702387E-4	4.5166300E-3	0.0000000E+0	1.3400000E-1	8.3700000E-1
NaN	4.4430000E+0	1.6157320E-1	2.7239079E-4	4.9072560E-3	1.4951685E-5	1.4000000E-1	8.4300000E-1
NaN	4.4440000E+0	1.8508400E-1	3.5934287E-4	5.4687780E-3	1.4949236E-5	1.3800000E-1	8.3900000E-1
NaN	4.4450000E+0	2.1441740E-1	4.4177309E-4	6.2134120E-3	1.2208000E-5	1.3200000E-1	8.3400000E-1
NaN	4.4460000E+0	2.5218700E-1	5.2453036E-4	7.2387980E-3	1.4949236E-5	1.3100000E-1	8.3300000E-1
NaN	4.4470000E+0	2.9563180E-1	6.5411027E-4	8.3374640E-3	1.4951685E-5	1.3600000E-1	8.3900000E-1
NaN	4.4480000E+0	3.4633980E-1	7.4072649E-4	9.6314060E-3	2.2836939E-5	1.4000000E-1	8.4300000E-1
NaN	4.4490000E+0	3.9964800E-1	7.6842547E-4	1.0937580E-2	2.2840149E-5	1.3600000E-1	8.3900000E-1
NaN	4.4500000E+0	4.5945020E-1	9.1765230E-4	1.2158280E-2	2.2840149E-5	1.3600000E-1	8.3900000E-1
NaN	4.4510000E+0	5.1977920E-1	7.8367993E-4	1.3378980E-2	2.2840149E-5	1.3400000E-1	8.3600000E-1
NaN	4.4520000E+0	5.8214480E-1	8.8237653E-4	1.4318900E-2	1.4941887E-5	1.3600000E-1	8.4000000E-1
NaN	4.4530000E+0	6.4043340E-1	7.6856604E-4	1.5051300E-2	1.4941887E-5	1.3600000E-1	8.3900000E-1
NaN	4.4540000E+0	6.9421760E-1	7.6263416E-4	1.5564000E-2	0.0000000E+0	1.3400000E-1	8.3700000E-1
NaN	4.4550000E+0	7.3987200E-1	5.7088607E-4	1.5735000E-2	1.2200000E-5	1.3200000E-1	8.3400000E-1
NaN	4.4560000E+0	7.7338040E-1	4.6196164E-4	1.5820420E-2	1.2220000E-5	1.3400000E-1	8.3700000E-1
NaN	4.4570000E+0	7.9496240E-1	2.5938034E-4	1.6113400E-2	9.3132257E-11	1.3700000E-1	8.3900000E-1
NaN	4.4580000E+0	8.0152960E-1	6.5345696E-5	1.6357500E-2	0.0000000E+0	1.3400000E-1	8.3600000E-1
NaN	4.4590000E+0	7.9421760E-1	1.5638465E-4	1.6723800E-2	9.3132257E-11	1.3200000E-1	8.3600000E-1
NaN	4.4600000E+0	7.7303860E-1	3.1214830E-4	1.7297500E-2	1.4941887E-5	1.3400000E-1	8.3700000E-1
NaN	4.4610000E+0	7.3924960E-1	5.3263511E-4	1.7883400E-2	1.3170890E-10	1.3900000E-1	8.4200000E-1
NaN	4.4620000E+0	6.9593900E-1	6.4690192E-4	1.8127600E-2	0.0000000E+0	1.4200000E-1	8.4400000E-1
NaN	4.4630000E+0	6.4366840E-1	8.3897149E-4	1.8127600E-2	0.0000000E+0	1.4800000E-1	8.5200000E-1
NaN	4.4640000E+0	5.8296280E-1	8.7374964E-4	1.7749100E-2	1.2200000E-5	1.4000000E-1	8.4300000E-1
NaN	4.4650000E+0	5.2137840E-1	8.9924183E-4	1.7028920E-2	1.9305709E-5	1.4200000E-1	8.4400000E-1
NaN	4.4660000E+0	4.6075640E-1	8.0213220E-4	1.5966900E-2	1.4941887E-5	1.3400000E-1	8.3600000E-1
NaN	4.4670000E+0	4.0057560E-1	8.5927316E-4	1.4660700E-2	2.2824110E-5	1.4200000E-1	8.4600000E-1
NaN	4.4680000E+0	3.4555840E-1	7.0505933E-4	1.3195880E-2	2.2840149E-5	1.3200000E-1	8.3500000E-1
NaN	4.4690000E+0	2.9538760E-1	6.9662275E-4	1.1731000E-2	2.2824110E-5	1.3800000E-1	8.4000000E-1
NaN	4.4700000E+0	2.5333440E-1	6.0533326E-4	1.0363820E-2	2.2840149E-5	1.3800000E-1	8.3900000E-1
NaN	4.4710000E+0	2.1584580E-1	5.0787532E-4	9.0332640E-3	2.7295682E-5	1.3600000E-1	8.4100000E-1
NaN	4.4720000E+0	1.8656100E-1	3.9014062E-4	7.9834620E-3	1.2208000E-5	1.3500000E-1	8.3700000E-1
NaN	4.4730000E+0	1.6241540E-1	3.2472244E-4	7.0556940E-3	1.4951685E-5	1.3800000E-1	8.4000000E-1
NaN	4.4740000E+0	1.4405620E-1	2.4808333E-4	6.3354820E-3	1.2208000E-5	1.4200000E-1	8.4500000E-1
NaN	4.4750000E+0	1.2927340E-1	1.9598918E-4	5.8105760E-3	1.2206000E-5	1.4000000E-1	8.4300000E-1
NaN	4.4760000E+0	1.1831120E-1	1.4779763E-4	5.3955360E-3	1.4951685E-5	1.4000000E-1	8.4200000E-1
NaN	4.4770000E+0	1.0977860E-1	1.0843597E-4	5.0659500E-3	0.0000000E+0	1.3200000E-1	8.3400000E-1
NaN	4.4780000E+0	1.0299140E-1	8.7551471E-5	4.8218100E-3	3.2927225E-11	1.3800000E-1	8.4100000E-1
NaN	4.4790000E+0	9.7095200E-2	7.5751389E-5	4.5532540E-3	1.4951685E-5	1.5200000E-1	9.4600000E-1
NaN	4.4800000E+0	9.1467760E-2	7.3757065E-5	4.3335300E-3	0.0000000E+0	1.4400000E-1	8.4600000E-1
NaN	4.4810000E+0	8.6047840E-2	6.5178882E-5	4.0893900E-3	3.2927225E-11	1.4200000E-1	8.4400000E-1
NaN	4.4820000E+0	8.0713360E-2	7.3755411E-5	3.8452300E-3	2.3283064E-11	1.4200000E-1	8.4500000E-1
NaN	4.4830000E+0	7.5305660E-2	8.2794557E-5	3.5400500E-3	0.0000000E+0	1.4200000E-1	8.4600000E-1
NaN	4.4840000E+0	6.9666020E-2	8.7609300E-5	3.3203260E-3	1.4951685E-5	1.4800000E-1	8.5100000E-1
NaN	4.4850000E+0	6.3782220E-2	8.6323597E-5	3.0517700E-3	0.0000000E+0	1.4200000E-1	8.4400000E-1
NaN	4.4860000E+0	5.8239980E-2	7.8154036E-5	2.7832180E-3	1.4949236E-5	1.4600000E-1	8.5000000E-1
NaN	4.4870000E+0	5.2710200E-2	8.3244237E-5	2.5634900E-3	0.0000000E+0	1.4200000E-1	8.4500000E-1
NaN	4.4880000E+0	4.7644280E-2	6.5734294E-5	2.3803900E-3	1.6463613E-11	1.4200000E-1	8.4500000E-1
NaN	4.4890000E+0	4.3078880E-2	6.5166705E-5	2.2583200E-3	0.0000000E+0	1.4200000E-1	8.4400000E-1
NaN	4.4900000E+0	3.9148180E-2	5.6603581E-5	2.0874180E-3	1.2208000E-5	1.5400000E-1	8.5600000E-1
NaN	4.4910000E+0	3.5669180E-2	4.5684301E-5	2.0141800E-3	0.0000000E+0	1.3900000E-1	8.4200000E-1
NaN	4.4920000E+0	3.2715080E-2	4.3168871E-5	2.0141800E-3	0.0000000E+0	1.4800000E-1	8.5100000E-1
NaN	4.4930000E+0	3.0102660E-2	3.5589389E-5	1.9531400E-3	1.1641532E-11	1.4000000E-1	8.4200000E-1
NaN	4.4940000E+0	2.7722280E-2	3.5604823E-5	1.9531400E-3	1.1641532E-11	1.4000000E-1	8.4300000E-1
NaN	4.4950000E+0	2.5573820E-2	3.3429334E-5	1.8921000E-3	0.0000000E+0	1.4500000E-1	8.4800000E-1
NaN	4.4960000E+0	2.3632940E-2	2.2845494E-5	1.8921000E-3	0.0000000E+0	1.4200000E-1	8.4400000E-1
NaN	4.4970000E+0	2.1838500E-2	2.2824110E-5	1.7822360E-3	1.2206000E-5	1.4000000E-1	8.4300000E-1
NaN	4.4980000E+0	2.0117320E-2	2.4417502E-5	1.7089900E-3	0.0000000E+0	1.4400000E-1	8.4700000E-1
NaN	4.4990000E+0	1.8432740E-2	2.7302392E-5	1.5869200E-3	0.0000000E+0	1.4400000E-1	8.4600000E-1
NaN	4.5000000E+0	1.6870240E-2	1.4966382E-5	1.4770580E-3	1.2208000E-5	1.4600000E-1	8.4800000E-1
NaN	4.5010000E+0	1.5539620E-2	3.1117751E-5	1.3427800E-3	8.2318063E-12	1.3800000E-1	8.4100000E-1
NaN	4.5020000E+0	1.4245700E-2	1.4941887E-5	1.2817500E-3	0.0000000E+0	1.4000000E-1	8.4400000E-1
NaN	4.5030000E+0	1.3244700E-2	1.9289894E-5	1.1596800E-3	8.2318063E-12	1.4200000E-1	8.4400000E-1
NaN	4.5040000E+0	1.2414600E-2	1.4941887E-5	1.0986400E-3	0.0000000E+0	1.4000000E-1	8.4100000E-1
NaN	4.5050000E+0	1.1779800E-2	6.5854451E-11	1.0009860E-3	1.4951685E-5	1.4000000E-1	8.4300000E-1
NaN	4.5060000E+0	1.1352600E-2	0.0000000E+0	9.7657000E-4	5.8207661E-12	1.4400000E-1	8.4800000E-1
NaN	4.5070000E+0	1.1108500E-2	0.0000000E+0	9.1553100E-4	0.0000000E+0	1.4600000E-1	8.4900000E-1
NaN	4.5080000E+0	1.1047400E-2	0.0000000E+0	9.1553100E-4	0.0000000E+0	1.4400000E-1	8.4600000E-1
NaN	4.5090000E+0	1.1108500E-2	0.0000000E+0	9.1553100E-4	0.0000000E+0	1.4600000E-1	8.4900000E-1
NaN	4.5100000E+0	1.1291600E-2	0.0000000E+0	9.1553100E-4	0.0000000E+0	1.4300000E-1	8.4600000E-1
NaN	4.5110000E+0	1.1523500E-2	1.2200000E-5	9.7657000E-4	5.8207661E-12	1.4400000E-1	8.4600000E-1
NaN	4.5120000E+0	1.1718800E-2	0.0000000E+0	9.7657000E-4	5.8207661E-12	1.5600000E-1	8.5800000E-1
NaN	4.5130000E+0	1.1950780E-2	1.2220000E-5	1.0376100E-3	5.8207661E-12	1.3600000E-1	8.4000000E-1
NaN	4.5140000E+0	1.2146100E-2	0.0000000E+0	1.0986400E-3	0.0000000E+0	1.5100000E-1	8.5400000E-1
NaN	4.5150000E+0	1.2268100E-2	0.0000000E+0	1.0986400E-3	0.0000000E+0	1.4400000E-1	8.4600000E-1
NaN	4.5160000E+0	1.2329200E-2	0.0000000E+0	1.0986400E-3	0.0000000E+0	1.4800000E-1	8.5100000E-1
NaN	4.5170000E+0	1.2329200E-2	0.0000000E+0	1.0986400E-3	0.0000000E+0	1.4400000E-1	8.4700000E-1
NaN	4.5180000E+0	1.2207100E-2	0.0000000E+0	1.0986400E-3	0.0000000E+0	1.5100000E-1	8.5400000E-1
NaN	4.5190000E+0	1.2085000E-2	0.0000000E+0	1.0986400E-3	0.0000000E+0	1.4000000E-1	8.4200000E-1
NaN	4.5200000E+0	1.1901900E-2	0.0000000E+0	1.0986400E-3	0.0000000E+0	1.5400000E-1	8.5800000E-1
NaN	4.5210000E+0	1.1682200E-2	1.4941887E-5	1.0986400E-3	0.0000000E+0	1.4400000E-1	8.4800000E-1
NaN	4.5220000E+0	1.1413600E-2	6.5854451E-11	1.0376100E-3	5.8207661E-12	1.4200000E-1	8.4400000E-1
NaN	4.5230000E+0	1.1120700E-2	1.2200000E-5	9.7657000E-4	5.8207661E-12	1.4200000E-1	8.4400000E-1
NaN	4.5240000E+0	1.0864300E-2	0.0000000E+0	9.7657000E-4	5.8207661E-12	1.4600000E-1	8.4800000E-1
NaN	4.5250000E+0	1.0620200E-2	6.5854451E-11	9.1553100E-4	0.0000000E+0	1.4000000E-1	8.4500000E-1
NaN	4.5260000E+0	1.0376000E-2	6.5854451E-11	9.1553100E-4	0.0000000E+0	1.4800000E-1	8.5100000E-1
NaN	4.5270000E+0	1.0192900E-2	6.5854451E-11	8.5449600E-4	0.0000000E+0	1.4600000E-1	8.4800000E-1
NaN	4.5280000E+0	9.9731940E-3	1.4944337E-5	8.5449600E-4	0.0000000E+0	1.4400000E-1	8.4800000E-1
NaN	4.5290000E+0	9.8267200E-3	6.5854451E-11	8.4228900E-4	1.2207000E-5	1.4700000E-1	8.5100000E-1
NaN	4.5300000E+0	9.7656800E-3	0.0000000E+0	7.9346100E-4	0.0000000E+0	1.4200000E-1	8.4500000E-1
NaN	4.5310000E+0	9.7046500E-3	0.0000000E+0	7.9346100E-4	0.0000000E+0	1.4400000E-1	8.4600000E-1
NaN	4.5320000E+0	9.6436100E-3	6.5854451E-11	7.9346100E-4	0.0000000E+0	1.5200000E-1	8.5600000E-1
NaN	4.5330000E+0	9.6436100E-3	6.5854451E-11	7.9346100E-4	0.0000000E+0	1.4100000E-1	8.4400000E-1
NaN	4.5340000E+0	9.6436100E-3	6.5854451E-11	7.9346100E-4	0.0000000E+0	1.4600000E-1	8.4800000E-1
NaN	4.5350000E+0	9.5825800E-3	6.5854451E-11	7.9346100E-4	0.0000000E+0	1.4800000E-1	8.4900000E-1
NaN	4.5360000E+0	9.5215400E-3	0.0000000E+0	7.9346100E-4	0.0000000E+0	1.4200000E-1	8.4600000E-1
NaN	4.5370000E+0	9.3994700E-3	6.5854451E-11	7.9346100E-4	0.0000000E+0	1.4100000E-1	8.4400000E-1
NaN	4.5380000E+0	9.1797460E-3	1.4951685E-5	7.3242600E-4	0.0000000E+0	1.5000000E-1	8.5300000E-1
NaN	4.5390000E+0	8.9111900E-3	0.0000000E+0	7.3242600E-4	0.0000000E+0	1.5800000E-1	8.6100000E-1
NaN	4.5400000E+0	8.5449800E-3	4.6566129E-11	7.3242600E-4	0.0000000E+0	1.4400000E-1	8.4800000E-1
NaN	4.5410000E+0	8.1787700E-3	0.0000000E+0	6.7139000E-4	4.1159032E-12	1.5300000E-1	8.5600000E-1
NaN	4.5420000E+0	7.7514900E-3	4.6566129E-11	6.1035500E-4	0.0000000E+0	1.5000000E-1	8.5300000E-1
NaN	4.5430000E+0	7.2876260E-3	1.4951685E-5	5.4932000E-4	0.0000000E+0	1.5800000E-1	8.6200000E-1
NaN	4.5440000E+0	6.7871380E-3	1.2208000E-5	5.4932000E-4	0.0000000E+0	1.4200000E-1	8.4500000E-1
NaN	4.5450000E+0	6.3476900E-3	0.0000000E+0	4.8828500E-4	2.9103830E-12	1.4900000E-1	8.5200000E-1
NaN	4.5460000E+0	5.8960240E-3	1.4951685E-5	4.2724800E-4	0.0000000E+0	1.5400000E-1	8.5700000E-1
NaN	4.5470000E+0	5.4443660E-3	1.2206000E-5	3.6621300E-4	0.0000000E+0	1.5000000E-1	8.6000000E-1
NaN	4.5480000E+0	5.0659500E-3	0.0000000E+0	3.6621300E-4	0.0000000E+0	1.4700000E-1	8.5100000E-1
NaN	4.5490000E+0	4.7241520E-3	1.4949236E-5	3.0517800E-4	0.0000000E+0	1.5900000E-1	8.6100000E-1
NaN	4.5500000E+0	4.4311840E-3	1.4951685E-5	2.4414200E-4	2.0579516E-12	1.4600000E-1	8.4900000E-1
NaN	4.5510000E+0	4.1504200E-3	0.0000000E+0	2.4414200E-4	2.0579516E-12	1.5600000E-1	8.5900000E-1
NaN	4.5520000E+0	3.9062800E-3	2.3283064E-11	2.4414200E-4	2.0579516E-12	1.4800000E-1	8.5000000E-1
NaN	4.5530000E+0	3.7231600E-3	0.0000000E+0	1.8310600E-4	1.4551915E-12	1.5000000E-1	8.5200000E-1
NaN	4.5540000E+0	3.5644660E-3	1.4951685E-5	1.8310600E-4	1.4551915E-12	1.4800000E-1	8.5000000E-1
NaN	4.5550000E+0	3.4790200E-3	2.3283064E-11	1.8310600E-4	1.4551915E-12	1.5600000E-1	8.5900000E-1
NaN	4.5560000E+0	3.4179800E-3	0.0000000E+0	1.8310600E-4	1.4551915E-12	1.4800000E-1	8.5100000E-1
NaN	4.5570000E+0	3.4179800E-3	0.0000000E+0	1.8310600E-4	1.4551915E-12	1.4800000E-1	8.5100000E-1
NaN	4.5580000E+0	3.4179800E-3	0.0000000E+0	1.8310600E-4	1.4551915E-12	1.4800000E-1	8.5000000E-1
NaN	4.5590000E+0	3.4790200E-3	2.3283064E-11	1.8310600E-4	1.4551915E-12	1.5000000E-1	8.5300000E-1
NaN	4.5600000E+0	3.5400500E-3	0.0000000E+0	1.8310600E-4	1.4551915E-12	1.4800000E-1	8.5200000E-1
NaN	4.5610000E+0	3.6010900E-3	0.0000000E+0	1.8310600E-4	1.4551915E-12	1.5400000E-1	8.5600000E-1
NaN	4.5620000E+0	3.6987440E-3	1.4951685E-5	1.8310600E-4	1.4551915E-12	1.4900000E-1	8.5100000E-1
NaN	4.5630000E+0	3.7841900E-3	0.0000000E+0	1.8310600E-4	1.4551915E-12	1.5800000E-1	8.6100000E-1
NaN	4.5640000E+0	3.9062800E-3	2.3283064E-11	1.8310600E-4	1.4551915E-12	1.5200000E-1	8.5500000E-1
NaN	4.5650000E+0	3.9673100E-3	0.0000000E+0	2.0752040E-4	1.4950706E-5	1.6000000E-1	8.6300000E-1
NaN	4.5660000E+0	4.0893900E-3	3.2927225E-11	2.4414200E-4	2.0579516E-12	1.4400000E-1	8.4600000E-1
NaN	4.5670000E+0	4.1504200E-3	0.0000000E+0	2.4414200E-4	2.0579516E-12	1.5000000E-1	8.5400000E-1
NaN	4.5680000E+0	4.2114600E-3	0.0000000E+0	2.4414200E-4	2.0579516E-12	1.4700000E-1	8.4900000E-1
NaN	4.5690000E+0	4.2724900E-3	2.3283064E-11	2.4414200E-4	2.0579516E-12	1.5200000E-1	8.5400000E-1
NaN	4.5700000E+0	4.3335300E-3	0.0000000E+0	2.4414200E-4	2.0579516E-12	1.4800000E-1	8.4900000E-1
NaN	4.5710000E+0	4.4556000E-3	0.0000000E+0	2.4414200E-4	2.0579516E-12	1.5600000E-1	8.5900000E-1
NaN	4.5720000E+0	4.4678060E-3	1.2206000E-5	2.4414200E-4	2.0579516E-12	1.4400000E-1	8.4700000E-1
NaN	4.5730000E+0	4.5166300E-3	0.0000000E+0	2.4414200E-4	2.0579516E-12	1.4400000E-1	8.4600000E-1
NaN	4.5740000E+0	4.5166300E-3	0.0000000E+0	2.4414200E-4	2.0579516E-12	1.5200000E-1	8.5500000E-1
NaN	4.5750000E+0	4.5166300E-3	0.0000000E+0	2.4414200E-4	2.0579516E-12	1.4800000E-1	8.5100000E-1
NaN	4.5760000E+0	4.5166300E-3	0.0000000E+0	2.0752040E-4	1.4950706E-5	1.4900000E-1	8.5200000E-1
NaN	4.5770000E+0	4.5166300E-3	0.0000000E+0	1.8310600E-4	1.4551915E-12	1.4600000E-1	8.4800000E-1
NaN	4.5780000E+0	4.4556000E-3	0.0000000E+0	1.8310600E-4	1.4551915E-12	1.5600000E-1	8.6000000E-1
NaN	4.5790000E+0	4.3945600E-3	0.0000000E+0	1.8310600E-4	1.4551915E-12	1.4600000E-1	8.5000000E-1
NaN	4.5800000E+0	4.2724900E-3	2.3283064E-11	1.8310600E-4	1.4551915E-12	1.4900000E-1	8.5200000E-1
NaN	4.5810000E+0	4.1504200E-3	0.0000000E+0	1.8310600E-4	1.4551915E-12	1.4600000E-1	8.4800000E-1
NaN	4.5820000E+0	4.0405580E-3	1.2208000E-5	1.8310600E-4	1.4551915E-12	1.4800000E-1	8.5100000E-1
NaN	4.5830000E+0	3.9062800E-3	2.3283064E-11	1.8310600E-4	1.4551915E-12	1.5200000E-1	8.5600000E-1
NaN	4.5840000E+0	3.7841900E-3	0.0000000E+0	1.8310600E-4	1.4551915E-12	1.5200000E-1	8.5400000E-1
NaN	4.5850000E+0	3.6499140E-3	1.2206000E-5	1.8310600E-4	1.4551915E-12	1.6200000E-1	8.6400000E-1
NaN	4.5860000E+0	3.4668120E-3	1.2208000E-5	1.2207100E-4	1.0289758E-12	1.4400000E-1	8.4600000E-1
NaN	4.5870000E+0	3.2959100E-3	2.3283064E-11	1.2207100E-4	1.0289758E-12	1.6200000E-1	8.6600000E-1
NaN	4.5880000E+0	3.1738400E-3	0.0000000E+0	1.2207100E-4	1.0289758E-12	1.5000000E-1	8.5300000E-1
NaN	4.5890000E+0	2.9907400E-3	0.0000000E+0	1.2207100E-4	1.0289758E-12	1.5800000E-1	8.6000000E-1
NaN	4.5900000E+0	2.8686700E-3	0.0000000E+0	1.2207100E-4	1.0289758E-12	1.5200000E-1	8.5500000E-1
NaN	4.5910000E+0	2.7466000E-3	0.0000000E+0	1.2207100E-4	1.0289758E-12	1.5800000E-1	8.6200000E-1
NaN	4.5920000E+0	2.6367360E-3	1.2206000E-5	6.1035600E-5	0.0000000E+0	1.4600000E-1	8.4800000E-1
NaN	4.5930000E+0	2.5634900E-3	0.0000000E+0	6.1035600E-5	0.0000000E+0	1.5200000E-1	8.5400000E-1
NaN	4.5940000E+0	2.4414200E-3	0.0000000E+0	6.1035600E-5	0.0000000E+0	1.4600000E-1	8.4900000E-1
NaN	4.5950000E+0	2.3803900E-3	1.6463613E-11	6.1035600E-5	0.0000000E+0	1.5200000E-1	8.5600000E-1
NaN	4.5960000E+0	2.3803900E-3	1.6463613E-11	6.1035600E-5	0.0000000E+0	1.4600000E-1	8.4800000E-1
NaN	4.5970000E+0	2.3193500E-3	1.6463613E-11	6.1035600E-5	0.0000000E+0	1.5600000E-1	8.5800000E-1
NaN	4.5980000E+0	2.3193500E-3	1.6463613E-11	6.1035600E-5	0.0000000E+0	1.4200000E-1	8.4600000E-1
NaN	4.5990000E+0	2.2583200E-3	0.0000000E+0	6.1035600E-5	0.0000000E+0	1.4500000E-1	8.4800000E-1
NaN	4.6000000E+0	2.2583200E-3	0.0000000E+0	6.1035600E-5	0.0000000E+0	1.4400000E-1	8.4700000E-1
NaN	4.6010000E+0	2.2216960E-3	1.4951685E-5	6.1035600E-5	0.0000000E+0	1.4200000E-1	8.4400000E-1
NaN	4.6020000E+0	2.1972800E-3	0.0000000E+0	6.1035600E-5	0.0000000E+0	1.4800000E-1	8.5200000E-1
NaN	4.6030000E+0	2.1972800E-3	0.0000000E+0	6.1035600E-5	0.0000000E+0	1.5700000E-1	8.6000000E-1
NaN	4.6040000E+0	2.1972800E-3	0.0000000E+0	6.1035600E-5	0.0000000E+0	1.4400000E-1	8.4700000E-1
NaN	4.6050000E+0	2.1362500E-3	0.0000000E+0	6.1035600E-5	0.0000000E+0	1.5600000E-1	8.5800000E-1
NaN	4.6060000E+0	2.0752100E-3	0.0000000E+0	6.1035600E-5	0.0000000E+0	1.4800000E-1	8.5200000E-1
NaN	4.6070000E+0	2.0752100E-3	0.0000000E+0	6.1035600E-5	0.0000000E+0	1.5300000E-1	8.5500000E-1
NaN	4.6080000E+0	2.0752100E-3	0.0000000E+0	6.1035600E-5	0.0000000E+0	1.4000000E-1	8.4300000E-1
NaN	4.6090000E+0	2.0141800E-3	0.0000000E+0	6.1035600E-5	0.0000000E+0	1.5400000E-1	8.5800000E-1
NaN	4.6100000E+0	2.0141800E-3	0.0000000E+0	6.1035600E-5	0.0000000E+0	1.4000000E-1	8.4300000E-1
NaN	4.6110000E+0	1.9531400E-3	1.1641532E-11	6.1035600E-5	0.0000000E+0	1.5100000E-1	8.5400000E-1
NaN	4.6120000E+0	1.9531400E-3	1.1641532E-11	6.1035600E-5	0.0000000E+0	1.4600000E-1	8.4800000E-1
NaN	4.6130000E+0	1.9531400E-3	1.1641532E-11	6.1035600E-5	0.0000000E+0	1.5600000E-1	8.5900000E-1
NaN	4.6140000E+0	1.9531400E-3	1.1641532E-11	6.1035600E-5	0.0000000E+0	1.4400000E-1	8.4700000E-1
NaN	4.6150000E+0	1.9531400E-3	1.1641532E-11	6.1035600E-5	0.0000000E+0	1.4900000E-1	8.5200000E-1
NaN	4.6160000E+0	1.9531400E-3	1.1641532E-11	6.1035600E-5	0.0000000E+0	1.4400000E-1	8.4700000E-1
NaN	4.6170000E+0	1.8921000E-3	0.0000000E+0	6.1035600E-5	0.0000000E+0	1.4400000E-1	8.4700000E-1
NaN	4.6180000E+0	1.8921000E-3	0.0000000E+0	6.1035600E-5	0.0000000E+0	1.4200000E-1	8.4600000E-1
NaN	4.6190000E+0	1.8921000E-3	0.0000000E+0	6.1035600E-5	0.0000000E+0	1.5600000E-1	8.5900000E-1
NaN	4.6200000E+0	1.9531400E-3	1.1641532E-11	6.1035600E-5	0.0000000E+0	1.4000000E-1	8.4100000E-1
NaN	4.6210000E+0	1.9531400E-3	1.1641532E-11	6.1035600E-5	0.0000000E+0	1.4600000E-1	8.5000000E-1
NaN	4.6220000E+0	1.8921000E-3	0.0000000E+0	6.1035600E-5	0.0000000E+0	1.4400000E-1	8.4700000E-1
NaN	4.6230000E+0	1.8921000E-3	0.0000000E+0	6.1035600E-5	0.0000000E+0	1.4400000E-1	8.4600000E-1
NaN	4.6240000E+0	1.8921000E-3	0.0000000E+0	6.1035600E-5	0.0000000E+0	1.4000000E-1	8.4100000E-1
NaN	4.6250000E+0	1.8921000E-3	0.0000000E+0	6.1035600E-5	0.0000000E+0	1.4200000E-1	8.4600000E-1
NaN	4.6260000E+0	1.8921000E-3	0.0000000E+0	6.1035600E-5	0.0000000E+0	1.4800000E-1	8.5200000E-1
NaN	4.6270000E+0	1.8921000E-3	0.0000000E+0	6.1035600E-5	0.0000000E+0	1.4200000E-1	8.4500000E-1
NaN	4.6280000E+0	1.8921000E-3	0.0000000E+0	6.1035600E-5	0.0000000E+0	1.3800000E-1	8.4000000E-1
NaN	4.6290000E+0	1.8921000E-3	0.0000000E+0	6.1035600E-5	0.0000000E+0	1.5200000E-1	8.5700000E-1
NaN	4.6300000E+0	1.8921000E-3	0.0000000E+0	6.1035600E-5	0.0000000E+0	1.4100000E-1	8.4300000E-1
NaN	4.6310000E+0	1.8310600E-3	0.0000000E+0	0.0000000E+0	0.0000000E+0	1.3400000E-1	8.3700000E-1
NaN	4.6320000E+0	1.8310600E-3	0.0000000E+0	0.0000000E+0	0.0000000E+0	1.2600000E-1	8.2900000E-1
NaN	4.6330000E+0	1.8310600E-3	0.0000000E+0	0.0000000E+0	0.0000000E+0	1.2800000E-1	8.3200000E-1
NaN	4.6340000E+0	1.8310600E-3	0.0000000E+0	0.0000000E+0	0.0000000E+0	1.3000000E-1	8.3200000E-1
NaN	4.6350000E+0	1.8310600E-3	0.0000000E+0	0.0000000E+0	0.0000000E+0	1.2600000E-1	8.2800000E-1
NaN	4.6360000E+0	1.7700300E-3	1.1641532E-11	0.0000000E+0	0.0000000E+0	1.3200000E-1	8.3600000E-1
NaN	4.6370000E+0	1.7700300E-3	1.1641532E-11	0.0000000E+0	0.0000000E+0	1.2700000E-1	8.3100000E-1
NaN	4.6380000E+0	1.7089900E-3	0.0000000E+0	0.0000000E+0	0.0000000E+0	1.2600000E-1	8.2800000E-1
NaN	4.6390000E+0	1.7089900E-3	0.0000000E+0	0.0000000E+0	0.0000000E+0	1.2200000E-1	8.2400000E-1
NaN	4.6400000E+0	1.7089900E-3	0.0000000E+0	0.0000000E+0	0.0000000E+0	1.3200000E-1	8.3500000E-1
NaN	4.6410000E+0	1.7089900E-3	0.0000000E+0	0.0000000E+0	0.0000000E+0	1.2700000E-1	8.2900000E-1
NaN	4.6420000E+0	1.7089900E-3	0.0000000E+0	0.0000000E+0	0.0000000E+0	1.3000000E-1	8.3200000E-1
NaN	4.6430000E+0	1.7089900E-3	0.0000000E+0	0.0000000E+0	0.0000000E+0	1.2200000E-1	8.2600000E-1
NaN	4.6440000E+0	1.7089900E-3	0.0000000E+0	0.0000000E+0	0.0000000E+0	1.3000000E-1	8.3300000E-1
NaN	4.6450000E+0	1.7089900E-3	0.0000000E+0	0.0000000E+0	0.0000000E+0	1.3000000E-1	8.3300000E-1
NaN	4.6460000E+0	1.6479600E-3	0.0000000E+0	0.0000000E+0	0.0000000E+0	1.2600000E-1	8.2800000E-1
NaN	4.6470000E+0	1.6479600E-3	0.0000000E+0	0.0000000E+0	0.0000000E+0	1.3200000E-1	8.3600000E-1
NaN	4.6480000E+0	1.6479600E-3	0.0000000E+0	0.0000000E+0	0.0000000E+0	1.2100000E-1	8.2400000E-1
NaN	4.6490000E+0	1.6479600E-3	0.0000000E+0	0.0000000E+0	0.0000000E+0	1.3000000E-1	8.3300000E-1
NaN	4.6500000E+0	1.6479600E-3	0.0000000E+0	0.0000000E+0	0.0000000E+0	1.3200000E-1	8.3400000E-1
NaN	4.6510000E+0	1.6479600E-3	0.0000000E+0	0.0000000E+0	0.0000000E+0	1.2400000E-1	8.2700000E-1
NaN	4.6520000E+0	1.6479600E-3	0.0000000E+0	0.0000000E+0	0.0000000E+0	1.3000000E-1	8.3300000E-1
NaN	4.6530000E+0	1.6479600E-3	0.0000000E+0	0.0000000E+0	0.0000000E+0	1.2600000E-1	8.2800000E-1
NaN	4.6540000E+0	1.6479600E-3	0.0000000E+0	0.0000000E+0	0.0000000E+0	1.2600000E-1	8.2900000E-1
NaN	4.6550000E+0	1.6479600E-3	0.0000000E+0	0.0000000E+0	0.0000000E+0	1.3000000E-1	8.3400000E-1
NaN	4.6560000E+0	1.6479600E-3	0.0000000E+0	0.0000000E+0	0.0000000E+0	1.2800000E-1	8.3100000E-1
NaN	4.6570000E+0	1.6479600E-3	0.0000000E+0	0.0000000E+0	0.0000000E+0	1.2800000E-1	8.2900000E-1
NaN	4.6580000E+0	1.6479600E-3	0.0000000E+0	0.0000000E+0	0.0000000E+0	1.3200000E-1	8.3500000E-1
NaN	4.6590000E+0	1.6479600E-3	0.0000000E+0	0.0000000E+0	0.0000000E+0	1.3100000E-1	8.3400000E-1
NaN	4.6600000E+0	1.6479600E-3	0.0000000E+0	0.0000000E+0	0.0000000E+0	1.3400000E-1	8.3600000E-1
NaN	4.6610000E+0	1.6479600E-3	0.0000000E+0	0.0000000E+0	0.0000000E+0	1.3200000E-1	8.3500000E-1
NaN	4.6620000E+0	1.6479600E-3	0.0000000E+0	0.0000000E+0	0.0000000E+0	1.2800000E-1	8.3200000E-1
NaN	4.6630000E+0	1.6479600E-3	0.0000000E+0	0.0000000E+0	0.0000000E+0	1.2800000E-1	8.3100000E-1
NaN	4.6640000E+0	1.6479600E-3	0.0000000E+0	0.0000000E+0	0.0000000E+0	1.3200000E-1	8.3400000E-1
NaN	4.6650000E+0	1.6479600E-3	0.0000000E+0	0.0000000E+0	0.0000000E+0	1.3400000E-1	8.3700000E-1
NaN	4.6660000E+0	1.6479600E-3	0.0000000E+0	0.0000000E+0	0.0000000E+0	1.3200000E-1	8.3400000E-1
NaN	4.6670000E+0	1.6479600E-3	0.0000000E+0	0.0000000E+0	0.0000000E+0	1.3400000E-1	8.3700000E-1
NaN	4.6680000E+0	1.6479600E-3	0.0000000E+0	0.0000000E+0	0.0000000E+0	1.2800000E-1	8.3000000E-1
NaN	4.6690000E+0	1.6479600E-3	0.0000000E+0	0.0000000E+0	0.0000000E+0	1.2800000E-1	8.3200000E-1
NaN	4.6700000E+0	1.6479600E-3	0.0000000E+0	0.0000000E+0	0.0000000E+0	1.2500000E-1	8.2700000E-1
NaN	4.6710000E+0	1.6479600E-3	0.0000000E+0	0.0000000E+0	0.0000000E+0	1.2600000E-1	8.2800000E-1
NaN	4.6720000E+0	1.6479600E-3	0.0000000E+0	0.0000000E+0	0.0000000E+0	1.3400000E-1	8.3600000E-1
NaN	4.6730000E+0	1.6479600E-3	0.0000000E+0	0.0000000E+0	0.0000000E+0	1.2800000E-1	8.3000000E-1
NaN	4.6740000E+0	1.6479600E-3	0.0000000E+0	0.0000000E+0	0.0000000E+0	1.3000000E-1	8.3300000E-1
NaN	4.6750000E+0	1.6479600E-3	0.0000000E+0	0.0000000E+0	0.0000000E+0	1.3600000E-1	8.3800000E-1
NaN	4.6760000E+0	1.5869200E-3	0.0000000E+0	0.0000000E+0	0.0000000E+0	1.3000000E-1	8.3300000E-1
NaN	4.6770000E+0	1.5869200E-3	0.0000000E+0	0.0000000E+0	0.0000000E+0	1.2300000E-1	8.2600000E-1
NaN	4.6780000E+0	1.5869200E-3	0.0000000E+0	0.0000000E+0	0.0000000E+0	1.2200000E-1	8.2500000E-1
NaN	4.6790000E+0	1.5869200E-3	0.0000000E+0	0.0000000E+0	0.0000000E+0	1.3000000E-1	8.3200000E-1
NaN	4.6800000E+0	1.5869200E-3	0.0000000E+0	0.0000000E+0	0.0000000E+0	1.3200000E-1	8.3600000E-1
NaN	4.6810000E+0	1.5869200E-3	0.0000000E+0	0.0000000E+0	0.0000000E+0	1.3000000E-1	8.3200000E-1
NaN	4.6820000E+0	1.5869200E-3	0.0000000E+0	0.0000000E+0	0.0000000E+0	1.2900000E-1	8.3000000E-1
NaN	4.6830000E+0	1.5869200E-3	0.0000000E+0	0.0000000E+0	0.0000000E+0	1.2200000E-1	8.2500000E-1
NaN	4.6840000E+0	1.5869200E-3	0.0000000E+0	0.0000000E+0	0.0000000E+0	1.2800000E-1	8.3100000E-1
NaN	4.6850000E+0	1.5869200E-3	0.0000000E+0	0.0000000E+0	0.0000000E+0	1.3400000E-1	8.3700000E-1
NaN	4.6860000E+0	1.5869200E-3	0.0000000E+0	0.0000000E+0	0.0000000E+0	1.3000000E-1	8.3200000E-1
NaN	4.6870000E+0	1.5869200E-3	0.0000000E+0	0.0000000E+0	0.0000000E+0	1.2200000E-1	8.2600000E-1
NaN	4.6880000E+0	1.5380960E-3	1.2206000E-5	0.0000000E+0	0.0000000E+0	1.2500000E-1	8.2800000E-1
NaN	4.6890000E+0	1.5258900E-3	0.0000000E+0	0.0000000E+0	0.0000000E+0	1.2600000E-1	8.3000000E-1
NaN	4.6900000E+0	1.5258900E-3	0.0000000E+0	0.0000000E+0	0.0000000E+0	1.2800000E-1	8.3100000E-1
NaN	4.6910000E+0	1.5258900E-3	0.0000000E+0	0.0000000E+0	0.0000000E+0	1.2400000E-1	8.2700000E-1
NaN	4.6920000E+0	1.5258900E-3	0.0000000E+0	0.0000000E+0	0.0000000E+0	1.2800000E-1	8.3100000E-1
NaN	4.6930000E+0	1.5258900E-3	0.0000000E+0	0.0000000E+0	0.0000000E+0	1.2600000E-1	8.2800000E-1
NaN	4.6940000E+0	1.5258900E-3	0.0000000E+0	0.0000000E+0	0.0000000E+0	1.2600000E-1	8.3000000E-1
NaN	4.6950000E+0	1.5258900E-3	0.0000000E+0	0.0000000E+0	0.0000000E+0	1.2600000E-1	8.2900000E-1
NaN	4.6960000E+0	1.5258900E-3	0.0000000E+0	0.0000000E+0	0.0000000E+0	1.3200000E-1	8.3500000E-1
NaN	4.6970000E+0	1.5258900E-3	0.0000000E+0	0.0000000E+0	0.0000000E+0	1.2600000E-1	8.2800000E-1
NaN	4.6980000E+0	1.5258900E-3	0.0000000E+0	0.0000000E+0	0.0000000E+0	1.2600000E-1	8.3000000E-1
NaN	4.6990000E+0	1.5258900E-3	0.0000000E+0	0.0000000E+0	0.0000000E+0	1.2700000E-1	8.2900000E-1
