# INFO:
#
#LockIn-Datenpunkte für Mittelwert: 5
#LockIn1 SR830 Sensitivity: 1.000000E+0V
#Wait time:    aussen: 2.000 s    1.innen: 1.000 s    innen: 0.500 s
#Zaehler	SM XPS1	CHX	CHXErr	CHY	CHYErr	MessZeit(s)	ZeitproPunkt(s)
NaN	4.1000000E+0	7.3242600E-4	0.0000000E+0	-6.1035600E-5	0.0000000E+0	2.1700000E-1	2.2190000E+0
NaN	4.1020000E+0	7.3242600E-4	0.0000000E+0	-6.1035600E-5	0.0000000E+0	1.5000000E-1	7.1700000E-1
NaN	4.1040000E+0	7.3242600E-4	0.0000000E+0	-6.1035600E-5	0.0000000E+0	1.5000000E-1	7.1600000E-1
NaN	4.1060000E+0	7.3242600E-4	0.0000000E+0	-6.1035600E-5	0.0000000E+0	1.5800000E-1	7.2500000E-1
NaN	4.1080000E+0	7.3242600E-4	0.0000000E+0	-6.1035600E-5	0.0000000E+0	1.4800000E-1	8.5000000E-1
NaN	4.1100000E+0	7.3242600E-4	0.0000000E+0	-6.1035600E-5	0.0000000E+0	1.5000000E-1	7.1700000E-1
NaN	4.1120000E+0	7.3242600E-4	0.0000000E+0	-6.1035600E-5	0.0000000E+0	1.6300000E-1	7.3100000E-1
NaN	4.1140000E+0	7.3242600E-4	0.0000000E+0	-6.1035600E-5	0.0000000E+0	1.4600000E-1	7.1300000E-1
NaN	4.1160000E+0	7.3242600E-4	0.0000000E+0	-6.1035600E-5	0.0000000E+0	1.5000000E-1	8.5200000E-1
NaN	4.1180000E+0	7.3242600E-4	0.0000000E+0	-6.1035600E-5	0.0000000E+0	1.4800000E-1	7.1400000E-1
NaN	4.1200000E+0	7.3242600E-4	0.0000000E+0	-6.1035600E-5	0.0000000E+0	1.5300000E-1	7.1900000E-1
NaN	4.1220000E+0	7.3242600E-4	0.0000000E+0	-6.1035600E-5	0.0000000E+0	1.5200000E-1	7.1900000E-1
NaN	4.1240000E+0	7.3242600E-4	0.0000000E+0	-6.1035600E-5	0.0000000E+0	1.5200000E-1	8.5600000E-1
NaN	4.1260000E+0	7.3242600E-4	0.0000000E+0	-6.1035600E-5	0.0000000E+0	1.5300000E-1	7.2000000E-1
NaN	4.1280000E+0	7.3242600E-4	0.0000000E+0	-6.1035600E-5	0.0000000E+0	1.4800000E-1	7.1500000E-1
NaN	4.1300000E+0	7.3242600E-4	0.0000000E+0	-6.1035600E-5	0.0000000E+0	1.5000000E-1	7.1700000E-1
NaN	4.1320000E+0	7.3242600E-4	0.0000000E+0	-6.1035600E-5	0.0000000E+0	1.5300000E-1	8.5600000E-1
NaN	4.1340000E+0	7.3242600E-4	0.0000000E+0	-6.1035600E-5	0.0000000E+0	1.6000000E-1	7.2700000E-1
NaN	4.1360000E+0	7.3242600E-4	0.0000000E+0	-6.1035600E-5	0.0000000E+0	1.5200000E-1	7.1900000E-1
NaN	4.1380000E+0	7.3242600E-4	0.0000000E+0	-6.1035600E-5	0.0000000E+0	1.4300000E-1	7.1000000E-1
NaN	4.1400000E+0	7.3242600E-4	0.0000000E+0	-6.1035600E-5	0.0000000E+0	1.6000000E-1	8.6300000E-1
NaN	4.1420000E+0	7.3242600E-4	0.0000000E+0	-6.1035600E-5	0.0000000E+0	1.4800000E-1	7.1500000E-1
NaN	4.1440000E+0	7.3242600E-4	0.0000000E+0	-6.1035600E-5	0.0000000E+0	1.4700000E-1	7.1400000E-1
NaN	4.1460000E+0	7.3242600E-4	0.0000000E+0	-6.1035600E-5	0.0000000E+0	1.5800000E-1	7.2500000E-1
NaN	4.1480000E+0	7.3242600E-4	0.0000000E+0	-6.1035600E-5	0.0000000E+0	1.4600000E-1	8.5000000E-1
NaN	4.1500000E+0	7.3242600E-4	0.0000000E+0	-6.1035600E-5	0.0000000E+0	1.5000000E-1	7.1600000E-1
NaN	4.1520000E+0	7.3242600E-4	0.0000000E+0	-6.1035600E-5	0.0000000E+0	1.5600000E-1	7.2100000E-1
NaN	4.1540000E+0	7.3242600E-4	0.0000000E+0	-6.1035600E-5	0.0000000E+0	1.5200000E-1	7.2000000E-1
NaN	4.1560000E+0	7.3242600E-4	0.0000000E+0	-6.1035600E-5	0.0000000E+0	1.4800000E-1	8.5100000E-1
NaN	4.1580000E+0	7.3242600E-4	0.0000000E+0	-6.1035600E-5	0.0000000E+0	1.4800000E-1	7.1500000E-1
NaN	4.1600000E+0	7.3242600E-4	0.0000000E+0	-6.1035600E-5	0.0000000E+0	1.5200000E-1	7.1900000E-1
NaN	4.1620000E+0	7.9346100E-4	0.0000000E+0	-6.1035600E-5	0.0000000E+0	1.5000000E-1	7.1700000E-1
NaN	4.1640000E+0	7.9346100E-4	0.0000000E+0	-6.1035600E-5	0.0000000E+0	1.5400000E-1	8.5500000E-1
NaN	4.1660000E+0	7.9346100E-4	0.0000000E+0	-6.1035600E-5	0.0000000E+0	1.5000000E-1	7.1600000E-1
NaN	4.1680000E+0	7.9346100E-4	0.0000000E+0	-6.1035600E-5	0.0000000E+0	1.4600000E-1	7.1300000E-1
NaN	4.1700000E+0	7.9346100E-4	0.0000000E+0	-6.1035600E-5	0.0000000E+0	1.5400000E-1	7.2100000E-1
NaN	4.1720000E+0	7.9346100E-4	0.0000000E+0	-6.1035600E-5	0.0000000E+0	1.5000000E-1	8.5200000E-1
NaN	4.1740000E+0	7.9346100E-4	0.0000000E+0	-6.1035600E-5	0.0000000E+0	1.5300000E-1	7.1900000E-1
NaN	4.1760000E+0	7.9346100E-4	0.0000000E+0	-6.1035600E-5	0.0000000E+0	1.4400000E-1	7.1100000E-1
NaN	4.1780000E+0	8.5449600E-4	0.0000000E+0	-6.1035600E-5	0.0000000E+0	1.5700000E-1	7.2300000E-1
NaN	4.1800000E+0	8.5449600E-4	0.0000000E+0	-6.1035600E-5	0.0000000E+0	1.5000000E-1	8.5300000E-1
NaN	4.1820000E+0	8.5449600E-4	0.0000000E+0	-6.1035600E-5	0.0000000E+0	1.6200000E-1	7.2900000E-1
NaN	4.1840000E+0	8.5449600E-4	0.0000000E+0	-6.1035600E-5	0.0000000E+0	1.4700000E-1	7.1300000E-1
NaN	4.1860000E+0	8.5449600E-4	0.0000000E+0	-6.1035600E-5	0.0000000E+0	1.5000000E-1	7.1700000E-1
NaN	4.1880000E+0	9.1553100E-4	0.0000000E+0	-6.1035600E-5	0.0000000E+0	1.5800000E-1	8.6000000E-1
NaN	4.1900000E+0	9.7657000E-4	5.8207661E-12	0.0000000E+0	0.0000000E+0	1.1700000E-1	6.8300000E-1
NaN	4.1920000E+0	1.0376100E-3	5.8207661E-12	0.0000000E+0	0.0000000E+0	1.1400000E-1	6.8100000E-1
NaN	4.1940000E+0	1.1474720E-3	1.2208000E-5	0.0000000E+0	0.0000000E+0	1.1600000E-1	6.8300000E-1
NaN	4.1960000E+0	1.2207100E-3	0.0000000E+0	0.0000000E+0	0.0000000E+0	1.1600000E-1	8.1800000E-1
NaN	4.1980000E+0	1.3427800E-3	8.2318063E-12	0.0000000E+0	0.0000000E+0	1.1400000E-1	6.8000000E-1
NaN	4.2000000E+0	1.4282320E-3	1.4949236E-5	0.0000000E+0	0.0000000E+0	1.1200000E-1	6.7900000E-1
NaN	4.2020000E+0	1.4648500E-3	0.0000000E+0	0.0000000E+0	0.0000000E+0	1.1400000E-1	6.8100000E-1
NaN	4.2040000E+0	1.4648500E-3	0.0000000E+0	0.0000000E+0	0.0000000E+0	1.1400000E-1	8.1800000E-1
NaN	4.2060000E+0	1.4648500E-3	0.0000000E+0	0.0000000E+0	0.0000000E+0	1.1300000E-1	6.7900000E-1
NaN	4.2080000E+0	1.3427800E-3	8.2318063E-12	0.0000000E+0	0.0000000E+0	1.1600000E-1	6.8300000E-1
NaN	4.2100000E+0	1.2451260E-3	1.4951685E-5	0.0000000E+0	0.0000000E+0	1.2000000E-1	6.8700000E-1
NaN	4.2120000E+0	1.1596800E-3	8.2318063E-12	0.0000000E+0	0.0000000E+0	1.1200000E-1	8.1400000E-1
NaN	4.2140000E+0	1.0986400E-3	0.0000000E+0	0.0000000E+0	0.0000000E+0	1.1400000E-1	6.7900000E-1
NaN	4.2160000E+0	9.7657000E-4	5.8207661E-12	0.0000000E+0	0.0000000E+0	1.2600000E-1	6.9400000E-1
NaN	4.2180000E+0	9.3994660E-4	1.4951440E-5	0.0000000E+0	0.0000000E+0	1.1600000E-1	6.8300000E-1
NaN	4.2200000E+0	9.1553100E-4	0.0000000E+0	0.0000000E+0	0.0000000E+0	1.1800000E-1	8.2000000E-1
NaN	4.2220000E+0	9.1553100E-4	0.0000000E+0	0.0000000E+0	0.0000000E+0	1.2100000E-1	6.8800000E-1
NaN	4.2240000E+0	9.1553100E-4	0.0000000E+0	-6.1035600E-5	0.0000000E+0	1.4800000E-1	7.1500000E-1
NaN	4.2260000E+0	9.1553100E-4	0.0000000E+0	0.0000000E+0	0.0000000E+0	1.1400000E-1	6.8200000E-1
NaN	4.2280000E+0	9.1553100E-4	0.0000000E+0	-6.1035600E-5	0.0000000E+0	1.5700000E-1	8.6000000E-1
NaN	4.2300000E+0	8.5449600E-4	0.0000000E+0	-6.1035600E-5	0.0000000E+0	1.5400000E-1	7.2100000E-1
NaN	4.2320000E+0	8.5449600E-4	0.0000000E+0	-6.1035600E-5	0.0000000E+0	1.4600000E-1	7.1300000E-1
NaN	4.2340000E+0	8.5449600E-4	0.0000000E+0	-6.1035600E-5	0.0000000E+0	1.5000000E-1	7.1700000E-1
NaN	4.2360000E+0	8.5449600E-4	0.0000000E+0	-6.1035600E-5	0.0000000E+0	1.5000000E-1	8.5200000E-1
NaN	4.2380000E+0	8.5449600E-4	0.0000000E+0	-6.1035600E-5	0.0000000E+0	1.5200000E-1	7.1900000E-1
NaN	4.2400000E+0	8.5449600E-4	0.0000000E+0	-6.1035600E-5	0.0000000E+0	1.5600000E-1	7.2400000E-1
NaN	4.2420000E+0	8.5449600E-4	0.0000000E+0	-6.1035600E-5	0.0000000E+0	1.4900000E-1	7.1700000E-1
NaN	4.2440000E+0	8.5449600E-4	0.0000000E+0	-6.1035600E-5	0.0000000E+0	1.4800000E-1	8.5100000E-1
NaN	4.2460000E+0	8.5449600E-4	0.0000000E+0	0.0000000E+0	0.0000000E+0	1.2400000E-1	6.9100000E-1
NaN	4.2480000E+0	8.5449600E-4	0.0000000E+0	0.0000000E+0	0.0000000E+0	1.1600000E-1	6.8200000E-1
NaN	4.2500000E+0	8.5449600E-4	0.0000000E+0	0.0000000E+0	0.0000000E+0	1.1500000E-1	6.8200000E-1
NaN	4.2520000E+0	8.5449600E-4	0.0000000E+0	0.0000000E+0	0.0000000E+0	1.1600000E-1	8.1800000E-1
NaN	4.2540000E+0	8.5449600E-4	0.0000000E+0	0.0000000E+0	0.0000000E+0	1.1200000E-1	6.7900000E-1
NaN	4.2560000E+0	8.5449600E-4	0.0000000E+0	0.0000000E+0	0.0000000E+0	1.2200000E-1	6.8900000E-1
NaN	4.2580000E+0	8.5449600E-4	0.0000000E+0	0.0000000E+0	0.0000000E+0	1.1200000E-1	6.7900000E-1
NaN	4.2600000E+0	9.1553100E-4	0.0000000E+0	0.0000000E+0	0.0000000E+0	1.2200000E-1	8.2400000E-1
NaN	4.2620000E+0	9.1553100E-4	0.0000000E+0	0.0000000E+0	0.0000000E+0	1.2000000E-1	6.8700000E-1
NaN	4.2640000E+0	9.1553100E-4	0.0000000E+0	0.0000000E+0	0.0000000E+0	1.1500000E-1	6.8200000E-1
NaN	4.2660000E+0	9.1553100E-4	0.0000000E+0	0.0000000E+0	0.0000000E+0	1.1700000E-1	6.8300000E-1
NaN	4.2680000E+0	9.1553100E-4	0.0000000E+0	0.0000000E+0	0.0000000E+0	1.1600000E-1	8.1800000E-1
NaN	4.2700000E+0	9.1553100E-4	0.0000000E+0	0.0000000E+0	0.0000000E+0	1.1400000E-1	6.8200000E-1
NaN	4.2720000E+0	9.1553100E-4	0.0000000E+0	0.0000000E+0	0.0000000E+0	1.1800000E-1	6.8500000E-1
NaN	4.2740000E+0	9.1553100E-4	0.0000000E+0	0.0000000E+0	0.0000000E+0	1.2400000E-1	6.8900000E-1
NaN	4.2760000E+0	9.1553100E-4	0.0000000E+0	0.0000000E+0	0.0000000E+0	1.2200000E-1	8.2500000E-1
NaN	4.2780000E+0	9.1553100E-4	0.0000000E+0	0.0000000E+0	0.0000000E+0	1.1200000E-1	6.7900000E-1
NaN	4.2800000E+0	9.1553100E-4	0.0000000E+0	0.0000000E+0	0.0000000E+0	1.1800000E-1	6.8600000E-1
NaN	4.2820000E+0	9.1553100E-4	0.0000000E+0	0.0000000E+0	0.0000000E+0	1.1700000E-1	6.8400000E-1
NaN	4.2840000E+0	9.1553100E-4	0.0000000E+0	0.0000000E+0	0.0000000E+0	1.1600000E-1	8.1800000E-1
NaN	4.2860000E+0	9.1553100E-4	0.0000000E+0	0.0000000E+0	0.0000000E+0	1.2000000E-1	6.8800000E-1
NaN	4.2880000E+0	9.1553100E-4	0.0000000E+0	0.0000000E+0	0.0000000E+0	1.2300000E-1	6.8900000E-1
NaN	4.2900000E+0	9.7657000E-4	5.8207661E-12	0.0000000E+0	0.0000000E+0	1.1800000E-1	6.8400000E-1
NaN	4.2920000E+0	9.7657000E-4	5.8207661E-12	0.0000000E+0	0.0000000E+0	1.1600000E-1	8.1900000E-1
NaN	4.2940000E+0	9.7657000E-4	5.8207661E-12	0.0000000E+0	0.0000000E+0	1.1800000E-1	6.8400000E-1
NaN	4.2960000E+0	9.7657000E-4	5.8207661E-12	0.0000000E+0	0.0000000E+0	1.1600000E-1	6.8300000E-1
NaN	4.2980000E+0	9.7657000E-4	5.8207661E-12	0.0000000E+0	0.0000000E+0	1.1500000E-1	6.8100000E-1
NaN	4.3000000E+0	9.7657000E-4	5.8207661E-12	0.0000000E+0	0.0000000E+0	1.2000000E-1	8.2300000E-1
NaN	4.3020000E+0	9.7657000E-4	5.8207661E-12	0.0000000E+0	0.0000000E+0	1.1800000E-1	6.8500000E-1
NaN	4.3040000E+0	9.7657000E-4	5.8207661E-12	0.0000000E+0	0.0000000E+0	1.1800000E-1	6.8500000E-1
NaN	4.3060000E+0	9.7657000E-4	5.8207661E-12	0.0000000E+0	0.0000000E+0	1.1600000E-1	6.8200000E-1
NaN	4.3080000E+0	9.7657000E-4	5.8207661E-12	0.0000000E+0	0.0000000E+0	1.1600000E-1	6.8400000E-1
NaN	4.3100000E+0	1.0376100E-3	5.8207661E-12	0.0000000E+0	0.0000000E+0	1.1400000E-1	8.1700000E-1
NaN	4.3120000E+0	1.0376100E-3	5.8207661E-12	0.0000000E+0	0.0000000E+0	1.1800000E-1	6.8500000E-1
NaN	4.3140000E+0	1.0986400E-3	0.0000000E+0	0.0000000E+0	0.0000000E+0	1.1700000E-1	6.8300000E-1
NaN	4.3160000E+0	1.0986400E-3	0.0000000E+0	0.0000000E+0	0.0000000E+0	1.2000000E-1	6.8700000E-1
NaN	4.3180000E+0	1.1596800E-3	8.2318063E-12	0.0000000E+0	0.0000000E+0	1.1600000E-1	8.2000000E-1
NaN	4.3200000E+0	1.1596800E-3	8.2318063E-12	0.0000000E+0	0.0000000E+0	1.1400000E-1	6.8000000E-1
NaN	4.3220000E+0	1.2207100E-3	0.0000000E+0	0.0000000E+0	0.0000000E+0	1.1600000E-1	6.8100000E-1
NaN	4.3240000E+0	1.2207100E-3	0.0000000E+0	0.0000000E+0	0.0000000E+0	1.1000000E-1	6.7700000E-1
NaN	4.3260000E+0	1.2817500E-3	0.0000000E+0	0.0000000E+0	0.0000000E+0	1.1200000E-1	8.1400000E-1
NaN	4.3280000E+0	1.2817500E-3	0.0000000E+0	0.0000000E+0	0.0000000E+0	1.1600000E-1	6.8300000E-1
NaN	4.3300000E+0	1.4038200E-3	0.0000000E+0	0.0000000E+0	0.0000000E+0	1.1700000E-1	6.8300000E-1
NaN	4.3320000E+0	1.5258900E-3	0.0000000E+0	0.0000000E+0	0.0000000E+0	1.3000000E-1	6.9600000E-1
NaN	4.3340000E+0	1.6967840E-3	1.2206000E-5	0.0000000E+0	0.0000000E+0	1.3200000E-1	8.3600000E-1
NaN	4.3360000E+0	1.8554760E-3	1.4951685E-5	0.0000000E+0	0.0000000E+0	1.3800000E-1	7.0400000E-1
NaN	4.3380000E+0	2.0141800E-3	0.0000000E+0	4.8828480E-5	1.2207120E-5	1.4300000E-1	7.0900000E-1
NaN	4.3400000E+0	2.1972800E-3	0.0000000E+0	6.1035600E-5	0.0000000E+0	1.4400000E-1	7.1100000E-1
NaN	4.3420000E+0	2.3803900E-3	1.6463613E-11	6.1035600E-5	0.0000000E+0	1.5500000E-1	8.5700000E-1
NaN	4.3440000E+0	2.4414200E-3	0.0000000E+0	6.1035600E-5	0.0000000E+0	1.4200000E-1	7.0800000E-1
NaN	4.3460000E+0	2.5024600E-3	0.0000000E+0	6.1035600E-5	0.0000000E+0	1.4800000E-1	7.1600000E-1
NaN	4.3480000E+0	2.5024600E-3	0.0000000E+0	6.1035600E-5	0.0000000E+0	1.4800000E-1	7.1400000E-1
NaN	4.3500000E+0	2.4414200E-3	0.0000000E+0	6.1035600E-5	0.0000000E+0	1.4800000E-1	8.5100000E-1
NaN	4.3520000E+0	2.3803900E-3	1.6463613E-11	6.1035600E-5	0.0000000E+0	1.4600000E-1	7.1400000E-1
NaN	4.3540000E+0	2.3193500E-3	1.6463613E-11	6.1035600E-5	0.0000000E+0	1.4400000E-1	7.1000000E-1
NaN	4.3560000E+0	2.2583200E-3	0.0000000E+0	6.1035600E-5	0.0000000E+0	1.4600000E-1	7.1200000E-1
NaN	4.3580000E+0	2.1362500E-3	0.0000000E+0	6.1035600E-5	0.0000000E+0	1.4400000E-1	8.4800000E-1
NaN	4.3600000E+0	2.0752100E-3	0.0000000E+0	6.1035600E-5	0.0000000E+0	1.5600000E-1	7.2200000E-1
NaN	4.3620000E+0	2.0141800E-3	0.0000000E+0	6.1035600E-5	0.0000000E+0	1.4200000E-1	7.1000000E-1
NaN	4.3640000E+0	2.0141800E-3	0.0000000E+0	6.1035600E-5	0.0000000E+0	1.4500000E-1	7.1200000E-1
NaN	4.3660000E+0	2.0752100E-3	0.0000000E+0	6.1035600E-5	0.0000000E+0	1.5000000E-1	8.5300000E-1
NaN	4.3680000E+0	2.1972800E-3	0.0000000E+0	6.1035600E-5	0.0000000E+0	1.4600000E-1	7.1300000E-1
NaN	4.3700000E+0	2.4292140E-3	1.2206000E-5	6.1035600E-5	0.0000000E+0	1.4500000E-1	7.1200000E-1
NaN	4.3720000E+0	2.7466000E-3	0.0000000E+0	1.2207100E-4	1.0289758E-12	1.5200000E-1	7.1900000E-1
NaN	4.3740000E+0	3.2226720E-3	1.2208000E-5	1.2207100E-4	1.0289758E-12	1.4800000E-1	8.5100000E-1
NaN	4.3760000E+0	3.7475720E-3	1.4949236E-5	1.8310600E-4	1.4551915E-12	1.5100000E-1	7.1800000E-1
NaN	4.3780000E+0	4.2969060E-3	1.4951685E-5	2.4414200E-4	2.0579516E-12	1.5000000E-1	7.1700000E-1
NaN	4.3800000E+0	4.8706340E-3	1.2206000E-5	2.4414200E-4	2.0579516E-12	1.4400000E-1	7.1000000E-1
NaN	4.3820000E+0	5.3100900E-3	3.2927225E-11	3.0517800E-4	0.0000000E+0	1.5100000E-1	8.5400000E-1
NaN	4.3840000E+0	5.5053980E-3	1.2208000E-5	3.6621300E-4	0.0000000E+0	1.6400000E-1	7.3000000E-1
NaN	4.3860000E+0	5.5542300E-3	0.0000000E+0	3.6621300E-4	0.0000000E+0	1.5000000E-1	7.1700000E-1
NaN	4.3880000E+0	5.5542300E-3	0.0000000E+0	3.6621300E-4	0.0000000E+0	1.4800000E-1	7.1600000E-1
NaN	4.3900000E+0	5.5542300E-3	0.0000000E+0	3.6621300E-4	0.0000000E+0	1.5400000E-1	8.5500000E-1
NaN	4.3920000E+0	5.6763000E-3	0.0000000E+0	3.6621300E-4	0.0000000E+0	1.4800000E-1	7.1500000E-1
NaN	4.3940000E+0	5.9204400E-3	3.2927225E-11	3.6621300E-4	0.0000000E+0	1.5200000E-1	7.1900000E-1
NaN	4.3960000E+0	6.2500320E-3	1.4949236E-5	4.2724800E-4	0.0000000E+0	1.5400000E-1	7.2100000E-1
NaN	4.3980000E+0	6.6528600E-3	4.6566129E-11	4.2724800E-4	0.0000000E+0	1.4600000E-1	8.4900000E-1
NaN	4.4000000E+0	7.0312780E-3	1.2208000E-5	4.8828500E-4	2.9103830E-12	1.4800000E-1	7.1500000E-1
NaN	4.4020000E+0	7.3608680E-3	1.4949236E-5	4.8828500E-4	2.9103830E-12	1.5400000E-1	7.2200000E-1
NaN	4.4040000E+0	7.5928020E-3	1.4949236E-5	4.8828500E-4	2.9103830E-12	1.4700000E-1	7.1300000E-1
NaN	4.4060000E+0	7.6294200E-3	0.0000000E+0	4.8828500E-4	2.9103830E-12	1.5200000E-1	8.5500000E-1
NaN	4.4080000E+0	7.4707320E-3	1.4949236E-5	4.2724800E-4	0.0000000E+0	1.5000000E-1	7.1700000E-1
NaN	4.4100000E+0	7.2632100E-3	0.0000000E+0	3.6621300E-4	0.0000000E+0	1.4900000E-1	7.1500000E-1
NaN	4.4120000E+0	7.2632100E-3	0.0000000E+0	3.6621300E-4	0.0000000E+0	1.5000000E-1	7.1600000E-1
NaN	4.4140000E+0	7.7148720E-3	1.4949236E-5	3.0517800E-4	0.0000000E+0	1.5300000E-1	8.5700000E-1
NaN	4.4160000E+0	8.7402940E-3	2.2836939E-5	3.6621300E-4	0.0000000E+0	1.4700000E-1	7.1400000E-1
NaN	4.4180000E+0	1.0534720E-2	4.5684301E-5	3.6621300E-4	0.0000000E+0	1.4800000E-1	7.1500000E-1
NaN	4.4200000E+0	1.2915080E-2	5.6604659E-5	4.2724800E-4	0.0000000E+0	1.5000000E-1	7.1800000E-1
NaN	4.4220000E+0	1.6235460E-2	4.3154729E-5	4.2724800E-4	0.0000000E+0	1.4500000E-1	8.4800000E-1
NaN	4.4240000E+0	1.9592420E-2	7.4746180E-5	4.2724800E-4	0.0000000E+0	1.4400000E-1	7.1100000E-1
NaN	4.4260000E+0	2.4047980E-2	1.0029104E-4	3.6621300E-4	0.0000000E+0	1.4400000E-1	7.1200000E-1
NaN	4.4280000E+0	2.9480100E-2	1.1740603E-4	2.4414200E-4	2.0579516E-12	1.4800000E-1	7.1400000E-1
NaN	4.4300000E+0	3.6389400E-2	1.0816282E-4	1.8310600E-4	1.4551915E-12	1.5600000E-1	8.5800000E-1
NaN	4.4320000E+0	4.3127680E-2	1.4262126E-4	1.8310600E-4	1.4551915E-12	1.4800000E-1	7.1600000E-1
NaN	4.4340000E+0	5.0769260E-2	1.6422638E-4	2.8076360E-4	1.4950706E-5	1.4400000E-1	7.1000000E-1
NaN	4.4360000E+0	5.8850320E-2	1.6871372E-4	3.6621300E-4	0.0000000E+0	1.4800000E-1	7.1300000E-1
NaN	4.4380000E+0	6.7236800E-2	1.1353645E-4	3.6621300E-4	0.0000000E+0	1.4400000E-1	8.4700000E-1
NaN	4.4400000E+0	7.4939440E-2	1.6422601E-4	3.6621300E-4	0.0000000E+0	1.3900000E-1	7.0500000E-1
NaN	4.4420000E+0	8.5950200E-2	2.4671988E-4	2.1972760E-4	1.4950706E-5	1.4800000E-1	7.1300000E-1
NaN	4.4440000E+0	1.0322320E-1	3.8963219E-4	1.2207100E-4	1.0289758E-12	1.4400000E-1	7.1200000E-1
NaN	4.4460000E+0	1.3502280E-1	4.7562311E-4	6.1035600E-5	0.0000000E+0	1.4000000E-1	8.4200000E-1
NaN	4.4480000E+0	1.7493980E-1	8.9605672E-4	1.8310600E-4	1.4551915E-12	1.4200000E-1	7.0900000E-1
NaN	4.4500000E+0	2.3513280E-1	1.2937317E-3	2.5634920E-4	1.2207200E-5	1.4300000E-1	7.1000000E-1
NaN	4.4520000E+0	3.0611760E-1	1.4795823E-3	3.6621300E-4	0.0000000E+0	1.4200000E-1	7.0800000E-1
NaN	4.4540000E+0	3.8860060E-1	1.1747905E-3	1.8310600E-4	1.4551915E-12	1.5000000E-1	8.5400000E-1
NaN	4.4560000E+0	4.4478940E-1	1.0998226E-3	-2.5634920E-4	1.2207200E-5	1.3700000E-1	7.0300000E-1
NaN	4.4580000E+0	4.8298540E-1	6.6281933E-4	-7.2021860E-4	2.2837420E-5	1.4400000E-1	7.1000000E-1
NaN	4.4600000E+0	4.8694020E-1	8.6408564E-5	-6.2256200E-4	1.2207000E-5	1.4000000E-1	7.0700000E-1
NaN	4.4620000E+0	4.5305360E-1	5.6188883E-4	-2.4414200E-4	2.0579516E-12	1.4300000E-1	8.4600000E-1
NaN	4.4640000E+0	3.9850040E-1	1.2324071E-3	1.0986392E-4	1.2207080E-5	1.3800000E-1	7.0500000E-1
NaN	4.4660000E+0	3.2580740E-1	1.4914922E-3	5.1269900E-4	1.4950461E-5	1.4200000E-1	7.0900000E-1
NaN	4.4680000E+0	2.5294340E-1	1.4235975E-3	5.4932000E-4	0.0000000E+0	1.3800000E-1	7.0400000E-1
NaN	4.4700000E+0	1.8371660E-1	8.7621479E-4	4.8828500E-4	2.9103830E-12	1.3800000E-1	8.4100000E-1
NaN	4.4720000E+0	1.3874620E-1	9.5577955E-4	4.8828500E-4	2.9103830E-12	1.5400000E-1	7.2100000E-1
NaN	4.4740000E+0	1.0565220E-1	6.0051132E-4	4.2724800E-4	0.0000000E+0	1.4200000E-1	7.0900000E-1
NaN	4.4760000E+0	8.5815920E-2	3.4201588E-4	4.2724800E-4	0.0000000E+0	1.4600000E-1	7.1400000E-1
NaN	4.4780000E+0	7.3584440E-2	1.5149029E-4	4.6387020E-4	1.4950951E-5	1.5200000E-1	8.5600000E-1
NaN	4.4800000E+0	6.7029300E-2	1.3836714E-4	4.2724800E-4	0.0000000E+0	1.4600000E-1	7.1300000E-1
NaN	4.4820000E+0	6.0010000E-2	1.3836714E-4	3.6621300E-4	0.0000000E+0	1.4400000E-1	7.1200000E-1
NaN	4.4840000E+0	5.1977800E-2	1.6892726E-4	2.4414200E-4	2.0579516E-12	1.4700000E-1	7.1300000E-1
NaN	4.4860000E+0	4.2517320E-2	1.2598834E-4	1.2207100E-4	1.0289758E-12	1.4300000E-1	8.4600000E-1
NaN	4.4880000E+0	3.5071040E-2	1.5149029E-4	6.1035600E-5	0.0000000E+0	1.4200000E-1	7.1000000E-1
NaN	4.4900000E+0	2.8027480E-2	1.3838081E-4	6.1035600E-5	0.0000000E+0	1.4100000E-1	7.0800000E-1
NaN	4.4920000E+0	2.2436640E-2	1.0848604E-4	1.2207100E-4	1.0289758E-12	1.4900000E-1	7.1600000E-1
NaN	4.4940000E+0	1.7749140E-2	6.5178882E-5	1.8310600E-4	1.4551915E-12	1.4400000E-1	8.4800000E-1
NaN	4.4960000E+0	1.4917040E-2	5.6591718E-5	2.4414200E-4	2.0579516E-12	1.5500000E-1	7.2200000E-1
NaN	4.4980000E+0	1.2451240E-2	4.3154729E-5	3.0517800E-4	0.0000000E+0	1.4000000E-1	7.0600000E-1
NaN	4.5000000E+0	1.0388240E-2	5.2495110E-5	3.0517800E-4	0.0000000E+0	1.5200000E-1	7.1900000E-1
NaN	4.5020000E+0	8.5938100E-3	2.2837473E-5	2.4414200E-4	2.0579516E-12	1.5100000E-1	8.5400000E-1
NaN	4.5040000E+0	7.4341100E-3	2.2837473E-5	2.4414200E-4	2.0579516E-12	1.5400000E-1	7.2000000E-1
NaN	4.5060000E+0	6.6528620E-3	1.9300962E-5	1.8310600E-4	1.4551915E-12	1.4800000E-1	7.1400000E-1
NaN	4.5080000E+0	6.2866500E-3	0.0000000E+0	1.8310600E-4	1.4551915E-12	1.5000000E-1	7.1600000E-1
NaN	4.5100000E+0	6.3232740E-3	1.4951685E-5	2.4414200E-4	2.0579516E-12	1.4600000E-1	8.4700000E-1
NaN	4.5120000E+0	6.5185840E-3	1.2206000E-5	2.4414200E-4	2.0579516E-12	1.4600000E-1	7.1400000E-1
NaN	4.5140000E+0	6.7261060E-3	1.2206000E-5	3.0517800E-4	0.0000000E+0	1.5600000E-1	7.2300000E-1
NaN	4.5160000E+0	6.8970000E-3	0.0000000E+0	3.6621300E-4	0.0000000E+0	1.4700000E-1	7.1300000E-1
NaN	4.5180000E+0	6.8970000E-3	0.0000000E+0	3.6621300E-4	0.0000000E+0	1.4800000E-1	8.5000000E-1
NaN	4.5200000E+0	6.7749300E-3	0.0000000E+0	3.6621300E-4	0.0000000E+0	1.5800000E-1	7.2500000E-1
NaN	4.5220000E+0	6.5796220E-3	1.2208000E-5	3.6621300E-4	0.0000000E+0	1.5200000E-1	7.1700000E-1
NaN	4.5240000E+0	6.3476900E-3	0.0000000E+0	3.0517800E-4	0.0000000E+0	1.4800000E-1	7.1500000E-1
NaN	4.5260000E+0	6.0547180E-3	1.2208000E-5	3.0517800E-4	0.0000000E+0	1.5400000E-1	8.5600000E-1
NaN	4.5280000E+0	5.9204400E-3	3.2927225E-11	2.4414200E-4	2.0579516E-12	1.4600000E-1	7.1200000E-1
NaN	4.5300000E+0	5.7983700E-3	0.0000000E+0	2.4414200E-4	2.0579516E-12	1.5200000E-1	7.1900000E-1
NaN	4.5320000E+0	5.6763000E-3	0.0000000E+0	2.4414200E-4	2.0579516E-12	1.4200000E-1	7.0900000E-1
NaN	4.5340000E+0	5.6763000E-3	0.0000000E+0	2.4414200E-4	2.0579516E-12	1.5000000E-1	8.5400000E-1
NaN	4.5360000E+0	5.6763000E-3	0.0000000E+0	2.4414200E-4	2.0579516E-12	1.4800000E-1	7.1400000E-1
NaN	4.5380000E+0	5.5542300E-3	0.0000000E+0	2.4414200E-4	2.0579516E-12	1.6200000E-1	7.2900000E-1
NaN	4.5400000E+0	5.2490500E-3	3.2927225E-11	1.8310600E-4	1.4551915E-12	1.5400000E-1	7.2100000E-1
NaN	4.5420000E+0	4.8218100E-3	3.2927225E-11	1.8310600E-4	1.4551915E-12	1.4600000E-1	8.5000000E-1
NaN	4.5440000E+0	4.3213200E-3	2.2837473E-5	1.8310600E-4	1.4551915E-12	1.5400000E-1	7.2000000E-1
NaN	4.5460000E+0	3.8208140E-3	1.4951685E-5	1.2207100E-4	1.0289758E-12	1.4600000E-1	7.1300000E-1
NaN	4.5480000E+0	3.3447420E-3	1.2208000E-5	1.2207100E-4	1.0289758E-12	1.4300000E-1	7.0900000E-1
NaN	4.5500000E+0	2.8808760E-3	1.2206000E-5	6.1035600E-5	0.0000000E+0	1.4600000E-1	8.4900000E-1
NaN	4.5520000E+0	2.5512840E-3	1.2206000E-5	6.1035600E-5	0.0000000E+0	1.4400000E-1	7.1200000E-1
NaN	4.5540000E+0	2.2583200E-3	0.0000000E+0	6.1035600E-5	0.0000000E+0	1.4800000E-1	7.1400000E-1
NaN	4.5560000E+0	2.0263860E-3	1.2206000E-5	6.1035600E-5	0.0000000E+0	1.5200000E-1	7.1700000E-1
NaN	4.5580000E+0	1.9531400E-3	1.1641532E-11	0.0000000E+0	0.0000000E+0	1.3000000E-1	8.3400000E-1
NaN	4.5600000E+0	1.9531400E-3	1.1641532E-11	0.0000000E+0	0.0000000E+0	1.3200000E-1	6.9800000E-1
NaN	4.5620000E+0	1.9775560E-3	1.4951685E-5	0.0000000E+0	0.0000000E+0	1.4000000E-1	7.0600000E-1
NaN	4.5640000E+0	2.0752100E-3	0.0000000E+0	6.1035600E-5	0.0000000E+0	1.3800000E-1	7.0600000E-1
NaN	4.5660000E+0	2.1972800E-3	0.0000000E+0	6.1035600E-5	0.0000000E+0	1.4400000E-1	8.4600000E-1
NaN	4.5680000E+0	2.3193500E-3	1.6463613E-11	6.1035600E-5	0.0000000E+0	1.4000000E-1	7.0600000E-1
NaN	4.5700000E+0	2.4048020E-3	1.4949236E-5	6.1035600E-5	0.0000000E+0	1.4200000E-1	7.1000000E-1
NaN	4.5720000E+0	2.5024600E-3	0.0000000E+0	6.1035600E-5	0.0000000E+0	1.4400000E-1	7.1100000E-1
NaN	4.5740000E+0	2.6123220E-3	1.2208000E-5	6.1035600E-5	0.0000000E+0	1.4400000E-1	7.1100000E-1
NaN	4.5760000E+0	2.6245300E-3	1.6463613E-11	6.1035600E-5	0.0000000E+0	1.4600000E-1	8.5000000E-1
NaN	4.5780000E+0	2.6245300E-3	1.6463613E-11	6.1035600E-5	0.0000000E+0	1.4400000E-1	7.1100000E-1
NaN	4.5800000E+0	2.5634900E-3	0.0000000E+0	3.6621360E-5	1.4950608E-5	1.3400000E-1	7.0200000E-1
NaN	4.5820000E+0	2.4414200E-3	0.0000000E+0	0.0000000E+0	0.0000000E+0	1.2600000E-1	6.9200000E-1
NaN	4.5840000E+0	2.2705260E-3	1.2206000E-5	0.0000000E+0	0.0000000E+0	1.2600000E-1	8.2800000E-1
NaN	4.5860000E+0	2.1118340E-3	1.4951685E-5	0.0000000E+0	0.0000000E+0	1.3600000E-1	7.0200000E-1
NaN	4.5880000E+0	1.9531400E-3	1.1641532E-11	0.0000000E+0	0.0000000E+0	1.2800000E-1	6.9500000E-1
NaN	4.5900000E+0	1.7334060E-3	1.4951685E-5	0.0000000E+0	0.0000000E+0	1.3200000E-1	7.0000000E-1
NaN	4.5920000E+0	1.5869200E-3	0.0000000E+0	0.0000000E+0	0.0000000E+0	1.1400000E-1	8.1600000E-1
NaN	4.5940000E+0	1.4648500E-3	0.0000000E+0	0.0000000E+0	0.0000000E+0	1.1500000E-1	6.8200000E-1
NaN	4.5960000E+0	1.3427800E-3	8.2318063E-12	0.0000000E+0	0.0000000E+0	1.1200000E-1	6.7800000E-1
NaN	4.5980000E+0	1.2817500E-3	0.0000000E+0	0.0000000E+0	0.0000000E+0	1.1500000E-1	6.8200000E-1
NaN	4.6000000E+0	1.2817500E-3	0.0000000E+0	0.0000000E+0	0.0000000E+0	1.2000000E-1	8.2200000E-1
NaN	4.6020000E+0	1.2207100E-3	0.0000000E+0	0.0000000E+0	0.0000000E+0	1.1400000E-1	6.8200000E-1
NaN	4.6040000E+0	1.2207100E-3	0.0000000E+0	0.0000000E+0	0.0000000E+0	1.1400000E-1	6.8000000E-1
NaN	4.6060000E+0	1.2207100E-3	0.0000000E+0	0.0000000E+0	0.0000000E+0	1.1200000E-1	6.7900000E-1
NaN	4.6080000E+0	1.1596800E-3	8.2318063E-12	0.0000000E+0	0.0000000E+0	1.1800000E-1	8.2100000E-1
NaN	4.6100000E+0	1.1596800E-3	8.2318063E-12	0.0000000E+0	0.0000000E+0	1.1400000E-1	6.8100000E-1
NaN	4.6120000E+0	1.0986400E-3	0.0000000E+0	0.0000000E+0	0.0000000E+0	1.1400000E-1	6.8200000E-1
NaN	4.6140000E+0	1.0986400E-3	0.0000000E+0	0.0000000E+0	0.0000000E+0	1.1400000E-1	6.8100000E-1
NaN	4.6160000E+0	1.0376100E-3	5.8207661E-12	0.0000000E+0	0.0000000E+0	1.1400000E-1	8.1600000E-1
NaN	4.6180000E+0	1.0376100E-3	5.8207661E-12	0.0000000E+0	0.0000000E+0	1.1600000E-1	6.8300000E-1
NaN	4.6200000E+0	1.0376100E-3	5.8207661E-12	0.0000000E+0	0.0000000E+0	1.1200000E-1	6.7900000E-1
NaN	4.6220000E+0	1.0376100E-3	5.8207661E-12	0.0000000E+0	0.0000000E+0	1.2200000E-1	6.9000000E-1
NaN	4.6240000E+0	1.0376100E-3	5.8207661E-12	0.0000000E+0	0.0000000E+0	1.1600000E-1	8.2100000E-1
NaN	4.6260000E+0	1.0376100E-3	5.8207661E-12	0.0000000E+0	0.0000000E+0	1.1200000E-1	6.7800000E-1
NaN	4.6280000E+0	1.0376100E-3	5.8207661E-12	0.0000000E+0	0.0000000E+0	1.1600000E-1	6.8300000E-1
NaN	4.6300000E+0	9.8877800E-4	1.2208000E-5	0.0000000E+0	0.0000000E+0	1.1500000E-1	6.8100000E-1
NaN	4.6320000E+0	9.7657000E-4	5.8207661E-12	0.0000000E+0	0.0000000E+0	1.1800000E-1	8.2000000E-1
NaN	4.6340000E+0	9.7657000E-4	5.8207661E-12	0.0000000E+0	0.0000000E+0	1.1200000E-1	6.8000000E-1
NaN	4.6360000E+0	9.7657000E-4	5.8207661E-12	0.0000000E+0	0.0000000E+0	1.2600000E-1	6.9300000E-1
NaN	4.6380000E+0	9.7657000E-4	5.8207661E-12	0.0000000E+0	0.0000000E+0	1.1800000E-1	6.8600000E-1
NaN	4.6400000E+0	9.7657000E-4	5.8207661E-12	0.0000000E+0	0.0000000E+0	1.1500000E-1	8.1900000E-1
NaN	4.6420000E+0	9.7657000E-4	5.8207661E-12	0.0000000E+0	0.0000000E+0	1.2400000E-1	6.9100000E-1
NaN	4.6440000E+0	9.1553100E-4	0.0000000E+0	0.0000000E+0	0.0000000E+0	1.1800000E-1	6.8500000E-1
NaN	4.6460000E+0	9.1553100E-4	0.0000000E+0	0.0000000E+0	0.0000000E+0	1.1500000E-1	6.8200000E-1
NaN	4.6480000E+0	9.1553100E-4	0.0000000E+0	0.0000000E+0	0.0000000E+0	1.2600000E-1	8.2900000E-1
NaN	4.6500000E+0	9.1553100E-4	0.0000000E+0	0.0000000E+0	0.0000000E+0	1.1200000E-1	6.7900000E-1
NaN	4.6520000E+0	9.1553100E-4	0.0000000E+0	0.0000000E+0	0.0000000E+0	1.1600000E-1	6.8200000E-1
NaN	4.6540000E+0	9.1553100E-4	0.0000000E+0	0.0000000E+0	0.0000000E+0	1.1400000E-1	6.8000000E-1
NaN	4.6560000E+0	9.1553100E-4	0.0000000E+0	0.0000000E+0	0.0000000E+0	1.1600000E-1	8.1900000E-1
NaN	4.6580000E+0	9.1553100E-4	0.0000000E+0	0.0000000E+0	0.0000000E+0	1.1600000E-1	6.8300000E-1
NaN	4.6600000E+0	9.1553100E-4	0.0000000E+0	0.0000000E+0	0.0000000E+0	1.1500000E-1	6.8200000E-1
NaN	4.6620000E+0	9.1553100E-4	0.0000000E+0	0.0000000E+0	0.0000000E+0	1.1800000E-1	6.8400000E-1
NaN	4.6640000E+0	9.1553100E-4	0.0000000E+0	0.0000000E+0	0.0000000E+0	1.1800000E-1	8.2000000E-1
NaN	4.6660000E+0	9.1553100E-4	0.0000000E+0	0.0000000E+0	0.0000000E+0	1.1800000E-1	6.8500000E-1
NaN	4.6680000E+0	9.1553100E-4	0.0000000E+0	0.0000000E+0	0.0000000E+0	1.1400000E-1	6.8000000E-1
NaN	4.6700000E+0	9.1553100E-4	0.0000000E+0	0.0000000E+0	0.0000000E+0	1.2400000E-1	6.9200000E-1
NaN	4.6720000E+0	9.1553100E-4	0.0000000E+0	0.0000000E+0	0.0000000E+0	1.1200000E-1	8.1500000E-1
NaN	4.6740000E+0	9.1553100E-4	0.0000000E+0	0.0000000E+0	0.0000000E+0	1.1400000E-1	6.8000000E-1
NaN	4.6760000E+0	8.5449600E-4	0.0000000E+0	0.0000000E+0	0.0000000E+0	1.2400000E-1	6.9100000E-1
NaN	4.6780000E+0	8.5449600E-4	0.0000000E+0	0.0000000E+0	0.0000000E+0	1.1500000E-1	6.8200000E-1
NaN	4.6800000E+0	8.5449600E-4	0.0000000E+0	0.0000000E+0	0.0000000E+0	1.1800000E-1	8.2100000E-1
NaN	4.6820000E+0	8.5449600E-4	0.0000000E+0	0.0000000E+0	0.0000000E+0	1.1600000E-1	6.8300000E-1
NaN	4.6840000E+0	8.5449600E-4	0.0000000E+0	0.0000000E+0	0.0000000E+0	1.2000000E-1	6.8700000E-1
NaN	4.6860000E+0	8.5449600E-4	0.0000000E+0	0.0000000E+0	0.0000000E+0	1.1600000E-1	6.8500000E-1
NaN	4.6880000E+0	8.5449600E-4	0.0000000E+0	0.0000000E+0	0.0000000E+0	1.1700000E-1	8.2100000E-1
NaN	4.6900000E+0	8.5449600E-4	0.0000000E+0	0.0000000E+0	0.0000000E+0	1.2200000E-1	6.8900000E-1
NaN	4.6920000E+0	8.5449600E-4	0.0000000E+0	0.0000000E+0	0.0000000E+0	1.1400000E-1	6.8100000E-1
NaN	4.6940000E+0	8.5449600E-4	0.0000000E+0	0.0000000E+0	0.0000000E+0	1.1700000E-1	6.8300000E-1
NaN	4.6960000E+0	8.5449600E-4	0.0000000E+0	0.0000000E+0	0.0000000E+0	1.2600000E-1	8.2900000E-1
NaN	4.6980000E+0	8.5449600E-4	0.0000000E+0	0.0000000E+0	0.0000000E+0	1.1600000E-1	6.8300000E-1
NaN	4.7000000E+0	8.5449600E-4	0.0000000E+0	0.0000000E+0	0.0000000E+0	1.2200000E-1	6.8800000E-1
NaN	4.7020000E+0	8.5449600E-4	0.0000000E+0	-6.1035600E-5	0.0000000E+0	1.5000000E-1	7.1600000E-1
NaN	4.7040000E+0	8.5449600E-4	0.0000000E+0	0.0000000E+0	0.0000000E+0	1.1600000E-1	8.2000000E-1
NaN	4.7060000E+0	8.5449600E-4	0.0000000E+0	-6.1035600E-5	0.0000000E+0	1.5000000E-1	7.1600000E-1
NaN	4.7080000E+0	8.5449600E-4	0.0000000E+0	-6.1035600E-5	0.0000000E+0	1.5000000E-1	7.1800000E-1
NaN	4.7100000E+0	7.9346100E-4	0.0000000E+0	-6.1035600E-5	0.0000000E+0	1.5200000E-1	7.1800000E-1
NaN	4.7120000E+0	7.9346100E-4	0.0000000E+0	-6.1035600E-5	0.0000000E+0	1.5000000E-1	8.5200000E-1
NaN	4.7140000E+0	7.9346100E-4	0.0000000E+0	-6.1035600E-5	0.0000000E+0	1.5600000E-1	7.2400000E-1
NaN	4.7160000E+0	7.9346100E-4	0.0000000E+0	-6.1035600E-5	0.0000000E+0	1.5000000E-1	7.1800000E-1
NaN	4.7180000E+0	7.9346100E-4	0.0000000E+0	-6.1035600E-5	0.0000000E+0	1.5200000E-1	7.1900000E-1
NaN	4.7200000E+0	7.9346100E-4	0.0000000E+0	-6.1035600E-5	0.0000000E+0	1.5800000E-1	8.6100000E-1
NaN	4.7220000E+0	7.9346100E-4	0.0000000E+0	-6.1035600E-5	0.0000000E+0	1.4800000E-1	7.1600000E-1
NaN	4.7240000E+0	8.5449600E-4	0.0000000E+0	-6.1035600E-5	0.0000000E+0	1.4800000E-1	7.1400000E-1
NaN	4.7260000E+0	8.5449600E-4	0.0000000E+0	-6.1035600E-5	0.0000000E+0	1.5000000E-1	7.1800000E-1
NaN	4.7280000E+0	8.5449600E-4	0.0000000E+0	-6.1035600E-5	0.0000000E+0	1.5100000E-1	8.5400000E-1
NaN	4.7300000E+0	8.5449600E-4	0.0000000E+0	-6.1035600E-5	0.0000000E+0	1.4600000E-1	7.1200000E-1
NaN	4.7320000E+0	8.0566800E-4	1.2207000E-5	-6.1035600E-5	0.0000000E+0	1.5800000E-1	7.2400000E-1
NaN	4.7340000E+0	7.9346100E-4	0.0000000E+0	-6.1035600E-5	0.0000000E+0	1.4900000E-1	7.1600000E-1
NaN	4.7360000E+0	7.9346100E-4	0.0000000E+0	-6.1035600E-5	0.0000000E+0	1.5200000E-1	8.5400000E-1
NaN	4.7380000E+0	7.9346100E-4	0.0000000E+0	-6.1035600E-5	0.0000000E+0	1.5100000E-1	7.1700000E-1
NaN	4.7400000E+0	7.9346100E-4	0.0000000E+0	-6.1035600E-5	0.0000000E+0	1.4500000E-1	7.1200000E-1
NaN	4.7420000E+0	7.9346100E-4	0.0000000E+0	-6.1035600E-5	0.0000000E+0	1.5400000E-1	7.2100000E-1
NaN	4.7440000E+0	7.9346100E-4	0.0000000E+0	-6.1035600E-5	0.0000000E+0	1.4400000E-1	8.4800000E-1
NaN	4.7460000E+0	7.9346100E-4	0.0000000E+0	-6.1035600E-5	0.0000000E+0	1.5200000E-1	7.1800000E-1
NaN	4.7480000E+0	7.9346100E-4	0.0000000E+0	-6.1035600E-5	0.0000000E+0	1.4800000E-1	7.1300000E-1
NaN	4.7500000E+0	7.9346100E-4	0.0000000E+0	-6.1035600E-5	0.0000000E+0	1.5000000E-1	7.1700000E-1
NaN	4.7520000E+0	7.9346100E-4	0.0000000E+0	-6.1035600E-5	0.0000000E+0	1.5000000E-1	8.5300000E-1
NaN	4.7540000E+0	7.9346100E-4	0.0000000E+0	-6.1035600E-5	0.0000000E+0	1.4800000E-1	7.1400000E-1
NaN	4.7560000E+0	7.3242600E-4	0.0000000E+0	-6.1035600E-5	0.0000000E+0	1.4600000E-1	7.1300000E-1
NaN	4.7580000E+0	7.3242600E-4	0.0000000E+0	-6.1035600E-5	0.0000000E+0	1.5600000E-1	7.2300000E-1
NaN	4.7600000E+0	7.3242600E-4	0.0000000E+0	-6.1035600E-5	0.0000000E+0	1.4800000E-1	8.4900000E-1
NaN	4.7620000E+0	7.3242600E-4	0.0000000E+0	-6.1035600E-5	0.0000000E+0	1.6100000E-1	7.2800000E-1
NaN	4.7640000E+0	7.3242600E-4	0.0000000E+0	-6.1035600E-5	0.0000000E+0	1.5400000E-1	7.2100000E-1
NaN	4.7660000E+0	7.3242600E-4	0.0000000E+0	-6.1035600E-5	0.0000000E+0	1.4800000E-1	7.1600000E-1
NaN	4.7680000E+0	7.3242600E-4	0.0000000E+0	-6.1035600E-5	0.0000000E+0	1.5600000E-1	8.5800000E-1
NaN	4.7700000E+0	7.3242600E-4	0.0000000E+0	-6.1035600E-5	0.0000000E+0	1.5300000E-1	7.2000000E-1
NaN	4.7720000E+0	7.3242600E-4	0.0000000E+0	-6.1035600E-5	0.0000000E+0	1.4800000E-1	7.1500000E-1
NaN	4.7740000E+0	7.3242600E-4	0.0000000E+0	-6.1035600E-5	0.0000000E+0	1.5000000E-1	7.1600000E-1
NaN	4.7760000E+0	7.3242600E-4	0.0000000E+0	-6.1035600E-5	0.0000000E+0	1.4400000E-1	8.4700000E-1
NaN	4.7780000E+0	7.3242600E-4	0.0000000E+0	-6.1035600E-5	0.0000000E+0	1.5200000E-1	7.1800000E-1
NaN	4.7800000E+0	7.3242600E-4	0.0000000E+0	-6.1035600E-5	0.0000000E+0	1.5900000E-1	7.2500000E-1
NaN	4.7820000E+0	7.3242600E-4	0.0000000E+0	-6.1035600E-5	0.0000000E+0	1.4800000E-1	7.1500000E-1
NaN	4.7840000E+0	7.3242600E-4	0.0000000E+0	-6.1035600E-5	0.0000000E+0	1.5200000E-1	8.5600000E-1
NaN	4.7860000E+0	7.3242600E-4	0.0000000E+0	-6.1035600E-5	0.0000000E+0	1.5600000E-1	7.2200000E-1
NaN	4.7880000E+0	7.3242600E-4	0.0000000E+0	-6.1035600E-5	0.0000000E+0	1.4600000E-1	7.1300000E-1
NaN	4.7900000E+0	7.3242600E-4	0.0000000E+0	-6.1035600E-5	0.0000000E+0	1.5000000E-1	7.1800000E-1
NaN	4.7920000E+0	7.3242600E-4	0.0000000E+0	-6.1035600E-5	0.0000000E+0	1.5800000E-1	8.6000000E-1
NaN	4.7940000E+0	7.3242600E-4	0.0000000E+0	-6.1035600E-5	0.0000000E+0	1.5000000E-1	7.1700000E-1
NaN	4.7960000E+0	7.3242600E-4	0.0000000E+0	-6.1035600E-5	0.0000000E+0	1.5600000E-1	7.2400000E-1
NaN	4.7980000E+0	7.3242600E-4	0.0000000E+0	-6.1035600E-5	0.0000000E+0	1.4800000E-1	7.1600000E-1
NaN	4.8000000E+0	7.3242600E-4	0.0000000E+0	-6.1035600E-5	0.0000000E+0	1.5200000E-1	8.5400000E-1
