# INFO:
#
#LockIn-Datenpunkte für Mittelwert: 5
#LockIn1 SR830 Sensitivity: 5.000000E-3V
#Wait time:    aussen: 2.000 s    1.innen: 1.000 s    innen: 1.000 s
#Zaehler	SM XPS1	CHX	CHXErr	CHY	CHYErr	MessZeit(s)	ZeitproPunkt(s)
NaN	4.1000000E+0	8.0490600E-5	2.0929294E-6	9.5368200E-7	5.6843419E-15	2.1600000E-1	2.2190000E+0
NaN	4.1020000E+0	1.9216640E-5	2.8808878E-7	1.4305200E-6	8.0388734E-15	1.3600000E-1	1.2030000E+0
NaN	4.1040000E+0	1.3113100E-5	0.0000000E+0	1.4305200E-6	8.0388734E-15	1.3800000E-1	1.2040000E+0
NaN	4.1060000E+0	1.2874700E-5	0.0000000E+0	1.4305200E-6	8.0388734E-15	1.3400000E-1	1.2000000E+0
NaN	4.1080000E+0	1.2874700E-5	0.0000000E+0	1.4305200E-6	8.0388734E-15	1.3400000E-1	1.3370000E+0
NaN	4.1100000E+0	1.2970060E-5	5.8395835E-8	1.4305200E-6	8.0388734E-15	1.4200000E-1	1.2090000E+0
NaN	4.1120000E+0	1.3113100E-5	0.0000000E+0	1.4305200E-6	8.0388734E-15	1.3400000E-1	1.2010000E+0
NaN	4.1140000E+0	1.3113100E-5	0.0000000E+0	1.4305200E-6	8.0388734E-15	1.3600000E-1	1.2040000E+0
NaN	4.1160000E+0	1.3351500E-5	0.0000000E+0	1.4305200E-6	8.0388734E-15	1.3100000E-1	1.3350000E+0
NaN	4.1180000E+0	1.3589900E-5	0.0000000E+0	1.2397840E-6	4.7684000E-8	1.4400000E-1	1.2120000E+0
NaN	4.1200000E+0	1.3732940E-5	5.8395835E-8	1.4305200E-6	8.0388734E-15	1.4000000E-1	1.2070000E+0
NaN	4.1220000E+0	1.3828300E-5	0.0000000E+0	1.4305200E-6	8.0388734E-15	1.3000000E-1	1.1970000E+0
NaN	4.1240000E+0	1.4066800E-5	0.0000000E+0	1.4305200E-6	8.0388734E-15	1.3300000E-1	1.3360000E+0
NaN	4.1260000E+0	1.4305200E-5	0.0000000E+0	1.4305200E-6	8.0388734E-15	1.3400000E-1	1.2010000E+0
NaN	4.1280000E+0	1.4305200E-5	0.0000000E+0	1.4305200E-6	8.0388734E-15	1.3400000E-1	1.2020000E+0
NaN	4.1300000E+0	1.4305200E-5	0.0000000E+0	1.4305200E-6	8.0388734E-15	1.4200000E-1	1.2090000E+0
NaN	4.1320000E+0	1.4543600E-5	0.0000000E+0	1.4305200E-6	8.0388734E-15	1.3100000E-1	1.3320000E+0
NaN	4.1340000E+0	1.4782000E-5	0.0000000E+0	1.3828360E-6	4.7684000E-8	1.3400000E-1	1.2020000E+0
NaN	4.1360000E+0	1.4782000E-5	0.0000000E+0	1.1921000E-6	0.0000000E+0	1.3300000E-1	1.2010000E+0
NaN	4.1380000E+0	1.5068100E-5	4.7700000E-8	1.1921000E-6	0.0000000E+0	1.4000000E-1	1.2080000E+0
NaN	4.1400000E+0	1.5497300E-5	9.0949470E-14	1.4305200E-6	8.0388734E-15	1.3600000E-1	1.3400000E+0
NaN	4.1420000E+0	1.5497300E-5	9.0949470E-14	1.4305200E-6	8.0388734E-15	1.3600000E-1	1.2030000E+0
NaN	4.1440000E+0	1.5497300E-5	9.0949470E-14	1.1921000E-6	0.0000000E+0	1.3400000E-1	1.2010000E+0
NaN	4.1460000E+0	1.5497300E-5	9.0949470E-14	1.3351520E-6	5.8400734E-8	1.3600000E-1	1.2030000E+0
NaN	4.1480000E+0	1.5974200E-5	9.0949470E-14	1.1921000E-6	0.0000000E+0	1.3600000E-1	1.3400000E+0
NaN	4.1500000E+0	1.5974200E-5	9.0949470E-14	1.1921000E-6	0.0000000E+0	1.3200000E-1	1.2000000E+0
NaN	4.1520000E+0	1.6117240E-5	5.8395835E-8	1.1921000E-6	0.0000000E+0	1.3600000E-1	1.2030000E+0
NaN	4.1540000E+0	1.6212600E-5	9.0949470E-14	1.1921000E-6	0.0000000E+0	1.3400000E-1	1.2020000E+0
NaN	4.1560000E+0	1.6451000E-5	9.0949470E-14	1.1921000E-6	0.0000000E+0	1.3300000E-1	1.3340000E+0
NaN	4.1580000E+0	1.6451000E-5	9.0949470E-14	1.1921000E-6	0.0000000E+0	1.3300000E-1	1.2000000E+0
NaN	4.1600000E+0	1.6451000E-5	9.0949470E-14	1.1921000E-6	0.0000000E+0	1.3600000E-1	1.2040000E+0
NaN	4.1620000E+0	1.6689400E-5	0.0000000E+0	1.1921000E-6	0.0000000E+0	1.3200000E-1	1.2010000E+0
NaN	4.1640000E+0	1.6927800E-5	9.0949470E-14	9.5368200E-7	5.6843419E-15	1.3000000E-1	1.3340000E+0
NaN	4.1660000E+0	1.6927800E-5	9.0949470E-14	1.1921000E-6	0.0000000E+0	1.2800000E-1	1.1950000E+0
NaN	4.1680000E+0	1.6927800E-5	9.0949470E-14	1.1921000E-6	0.0000000E+0	1.3200000E-1	1.2000000E+0
NaN	4.1700000E+0	1.6927800E-5	9.0949470E-14	9.5368200E-7	5.6843419E-15	1.3200000E-1	1.1980000E+0
NaN	4.1720000E+0	1.7166300E-5	0.0000000E+0	9.5368200E-7	5.6843419E-15	1.4200000E-1	1.3460000E+0
NaN	4.1740000E+0	1.7404700E-5	1.2862197E-13	9.5368200E-7	5.6843419E-15	1.3200000E-1	1.2000000E+0
NaN	4.1760000E+0	1.7404700E-5	1.2862197E-13	9.5368200E-7	5.6843419E-15	1.3200000E-1	1.1990000E+0
NaN	4.1780000E+0	1.7404700E-5	1.2862197E-13	9.5368200E-7	5.6843419E-15	1.3400000E-1	1.2020000E+0
NaN	4.1800000E+0	1.7643100E-5	0.0000000E+0	9.5368200E-7	5.6843419E-15	1.3800000E-1	1.3410000E+0
NaN	4.1820000E+0	1.7643100E-5	0.0000000E+0	9.5368200E-7	5.6843419E-15	1.3400000E-1	1.2020000E+0
NaN	4.1840000E+0	1.7643100E-5	0.0000000E+0	9.5368200E-7	5.6843419E-15	1.3700000E-1	1.2030000E+0
NaN	4.1860000E+0	1.7738460E-5	5.8395835E-8	9.5368200E-7	5.6843419E-15	1.3500000E-1	1.2020000E+0
NaN	4.1880000E+0	1.7881500E-5	0.0000000E+0	9.5368200E-7	5.6843419E-15	1.4200000E-1	1.3460000E+0
NaN	4.1900000E+0	1.7643100E-5	0.0000000E+0	9.5368200E-7	5.6843419E-15	1.4200000E-1	1.2080000E+0
NaN	4.1920000E+0	1.8119900E-5	0.0000000E+0	9.5368200E-7	5.6843419E-15	1.3400000E-1	1.2010000E+0
NaN	4.1940000E+0	1.8119900E-5	0.0000000E+0	9.5368200E-7	5.6843419E-15	1.3600000E-1	1.2030000E+0
NaN	4.1960000E+0	1.8262940E-5	5.8395835E-8	9.5368200E-7	5.6843419E-15	1.3100000E-1	1.3340000E+0
NaN	4.1980000E+0	1.8358300E-5	1.2862197E-13	9.5368200E-7	5.6843419E-15	1.3600000E-1	1.2030000E+0
NaN	4.2000000E+0	1.8358300E-5	1.2862197E-13	1.1921000E-6	0.0000000E+0	1.3400000E-1	1.2010000E+0
NaN	4.2020000E+0	1.8358300E-5	1.2862197E-13	9.5368200E-7	5.6843419E-15	1.3400000E-1	1.2010000E+0
NaN	4.2040000E+0	1.8596800E-5	0.0000000E+0	9.5368200E-7	5.6843419E-15	1.3200000E-1	1.3340000E+0
NaN	4.2060000E+0	1.8835200E-5	1.2862197E-13	9.5368200E-7	5.6843419E-15	1.3600000E-1	1.2050000E+0
NaN	4.2080000E+0	1.8835200E-5	1.2862197E-13	9.5368200E-7	5.6843419E-15	1.4200000E-1	1.2090000E+0
NaN	4.2100000E+0	1.9073600E-5	0.0000000E+0	9.5368200E-7	5.6843419E-15	1.4300000E-1	1.2090000E+0
NaN	4.2120000E+0	1.9312000E-5	0.0000000E+0	9.5368200E-7	5.6843419E-15	1.3100000E-1	1.3340000E+0
NaN	4.2140000E+0	1.9550400E-5	0.0000000E+0	9.5368200E-7	5.6843419E-15	1.3000000E-1	1.1980000E+0
NaN	4.2160000E+0	1.9788900E-5	0.0000000E+0	9.5368200E-7	5.6843419E-15	1.3400000E-1	1.2010000E+0
NaN	4.2180000E+0	2.0027300E-5	1.2862197E-13	9.5368200E-7	5.6843419E-15	1.4500000E-1	1.2110000E+0
NaN	4.2200000E+0	2.0265700E-5	0.0000000E+0	9.5368200E-7	5.6843419E-15	1.3200000E-1	1.3350000E+0
NaN	4.2220000E+0	2.0504100E-5	0.0000000E+0	9.5368200E-7	5.6843419E-15	1.3400000E-1	1.2000000E+0
NaN	4.2240000E+0	2.0981000E-5	1.2862197E-13	9.5368200E-7	5.6843419E-15	1.3600000E-1	1.2030000E+0
NaN	4.2260000E+0	2.0981000E-5	1.2862197E-13	9.5368200E-7	5.6843419E-15	1.3400000E-1	1.2020000E+0
NaN	4.2280000E+0	2.1457800E-5	1.2862197E-13	9.5368200E-7	5.6843419E-15	1.3600000E-1	1.3400000E+0
NaN	4.2300000E+0	2.1696200E-5	0.0000000E+0	9.5368200E-7	5.6843419E-15	1.3800000E-1	1.2050000E+0
NaN	4.2320000E+0	2.1934600E-5	0.0000000E+0	9.5368200E-7	5.6843419E-15	1.3800000E-1	1.2050000E+0
NaN	4.2340000E+0	2.2411500E-5	1.8189894E-13	9.5368200E-7	5.6843419E-15	1.3200000E-1	1.1990000E+0
NaN	4.2360000E+0	2.2888300E-5	1.2862197E-13	9.5368200E-7	5.6843419E-15	1.3500000E-1	1.3360000E+0
NaN	4.2380000E+0	2.3126700E-5	0.0000000E+0	9.5368200E-7	5.6843419E-15	1.3700000E-1	1.2050000E+0
NaN	4.2400000E+0	2.3603600E-5	0.0000000E+0	9.5368200E-7	5.6843419E-15	1.3400000E-1	1.2010000E+0
NaN	4.2420000E+0	2.4318800E-5	0.0000000E+0	9.5368200E-7	5.6843419E-15	1.3100000E-1	1.1980000E+0
NaN	4.2440000E+0	2.4557200E-5	0.0000000E+0	9.5368200E-7	5.6843419E-15	1.3600000E-1	1.3380000E+0
NaN	4.2460000E+0	2.5177140E-5	5.8395835E-8	9.5368200E-7	5.6843419E-15	1.3800000E-1	1.2060000E+0
NaN	4.2480000E+0	2.5796980E-5	4.7680000E-8	9.5368200E-7	5.6843419E-15	1.3400000E-1	1.2010000E+0
NaN	4.2500000E+0	2.6464600E-5	0.0000000E+0	9.5368200E-7	5.6843419E-15	1.3200000E-1	1.1990000E+0
NaN	4.2520000E+0	2.7179800E-5	0.0000000E+0	9.5368200E-7	5.6843419E-15	1.3600000E-1	1.3390000E+0
NaN	4.2540000E+0	2.7895100E-5	1.8189894E-13	9.5368200E-7	5.6843419E-15	1.3400000E-1	1.2000000E+0
NaN	4.2560000E+0	2.8610300E-5	0.0000000E+0	9.5368200E-7	5.6843419E-15	1.3600000E-1	1.2040000E+0
NaN	4.2580000E+0	2.9564000E-5	0.0000000E+0	9.5368200E-7	5.6843419E-15	1.3200000E-1	1.2000000E+0
NaN	4.2600000E+0	3.0565480E-5	4.7680000E-8	9.5368200E-7	5.6843419E-15	1.3400000E-1	1.3360000E+0
NaN	4.2620000E+0	3.1471500E-5	0.0000000E+0	9.5368200E-7	5.6843419E-15	1.3300000E-1	1.1990000E+0
NaN	4.2640000E+0	3.2425200E-5	1.8189894E-13	1.1921000E-6	0.0000000E+0	1.3700000E-1	1.2040000E+0
NaN	4.2660000E+0	3.3140400E-5	0.0000000E+0	9.5368200E-7	5.6843419E-15	1.3600000E-1	1.2030000E+0
NaN	4.2680000E+0	3.4237140E-5	5.8395835E-8	1.1921000E-6	0.0000000E+0	1.4200000E-1	1.3450000E+0
NaN	4.2700000E+0	3.5286200E-5	0.0000000E+0	1.1921000E-6	0.0000000E+0	1.3000000E-1	1.1970000E+0
NaN	4.2720000E+0	3.6239900E-5	0.0000000E+0	1.1921000E-6	0.0000000E+0	1.3200000E-1	1.1990000E+0
NaN	4.2740000E+0	3.7336540E-5	5.8395835E-8	1.4305200E-6	8.0388734E-15	1.3400000E-1	1.2020000E+0
NaN	4.2760000E+0	3.8624000E-5	0.0000000E+0	1.4305200E-6	8.0388734E-15	1.3800000E-1	1.3400000E+0
NaN	4.2780000E+0	3.9768420E-5	4.7680000E-8	1.1921000E-6	0.0000000E+0	1.3600000E-1	1.2030000E+0
NaN	4.2800000E+0	4.0769800E-5	0.0000000E+0	1.4305200E-6	8.0388734E-15	1.3600000E-1	1.2040000E+0
NaN	4.2820000E+0	4.1961900E-5	0.0000000E+0	1.4305200E-6	8.0388734E-15	1.3600000E-1	1.2030000E+0
NaN	4.2840000E+0	4.3201680E-5	4.7680000E-8	1.4305200E-6	8.0388734E-15	1.3600000E-1	1.3400000E+0
NaN	4.2860000E+0	4.4393780E-5	4.7680000E-8	1.4305200E-6	8.0388734E-15	1.3800000E-1	1.2040000E+0
NaN	4.2880000E+0	4.5776600E-5	2.5724395E-13	1.4305200E-6	8.0388734E-15	1.2700000E-1	1.1930000E+0
NaN	4.2900000E+0	4.7111740E-5	5.8395835E-8	1.4305200E-6	8.0388734E-15	1.2700000E-1	1.1930000E+0
NaN	4.2920000E+0	4.8637600E-5	0.0000000E+0	1.4782040E-6	4.7684000E-8	1.3000000E-1	1.3340000E+0
NaN	4.2940000E+0	5.0306600E-5	3.6379788E-13	1.4305200E-6	8.0388734E-15	1.3600000E-1	1.2030000E+0
NaN	4.2960000E+0	5.2070860E-5	5.8395835E-8	1.6689400E-6	1.1368684E-14	1.4200000E-1	1.2100000E+0
NaN	4.2980000E+0	5.4216660E-5	5.8395835E-8	1.9073600E-6	0.0000000E+0	1.3200000E-1	1.1990000E+0
NaN	4.3000000E+0	5.6886940E-5	5.8395835E-8	1.9073600E-6	0.0000000E+0	1.3000000E-1	1.3330000E+0
NaN	4.3020000E+0	5.8984960E-5	5.8395835E-8	1.9073600E-6	0.0000000E+0	1.3000000E-1	1.1970000E+0
NaN	4.3040000E+0	6.1655540E-5	5.8395835E-8	1.9073600E-6	0.0000000E+0	1.2800000E-1	1.1950000E+0
NaN	4.3060000E+0	6.4182780E-5	4.7680000E-8	2.1457800E-6	0.0000000E+0	1.3800000E-1	1.2060000E+0
NaN	4.3080000E+0	6.7186820E-5	8.9201112E-8	2.1457800E-6	0.0000000E+0	1.3600000E-1	1.2030000E+0
NaN	4.3100000E+0	7.1096880E-5	8.9201112E-8	2.1457800E-6	0.0000000E+0	1.3000000E-1	1.3330000E+0
NaN	4.3120000E+0	7.4673180E-5	4.7680000E-8	2.1457800E-6	0.0000000E+0	1.3200000E-1	1.1980000E+0
NaN	4.3140000E+0	7.8964680E-5	8.9201112E-8	2.1457800E-6	0.0000000E+0	1.2800000E-1	1.1940000E+0
NaN	4.3160000E+0	8.3780760E-5	9.5360000E-8	2.1457800E-6	0.0000000E+0	1.3500000E-1	1.2010000E+0
NaN	4.3180000E+0	9.0218060E-5	1.2156063E-7	2.3842000E-6	0.0000000E+0	1.3000000E-1	1.3320000E+0
NaN	4.3200000E+0	9.6798400E-5	7.5388699E-8	2.3842000E-6	0.0000000E+0	1.3000000E-1	1.1980000E+0
NaN	4.3220000E+0	1.0285420E-4	1.2165089E-7	2.3842000E-6	0.0000000E+0	1.3600000E-1	1.2020000E+0
NaN	4.3240000E+0	1.1134200E-4	1.6857432E-7	2.3842000E-6	0.0000000E+0	1.4200000E-1	1.2100000E+0
NaN	4.3260000E+0	1.2159400E-4	1.6857432E-7	2.3842000E-6	0.0000000E+0	1.3800000E-1	1.3430000E+0
NaN	4.3280000E+0	1.3113120E-4	1.6864501E-7	2.6226200E-6	1.6077747E-14	1.3600000E-1	1.2020000E+0
NaN	4.3300000E+0	1.4305200E-4	1.6857432E-7	2.6226200E-6	1.6077747E-14	1.3000000E-1	1.1970000E+0
NaN	4.3320000E+0	1.5463920E-4	2.2107881E-7	2.6226200E-6	1.6077747E-14	1.3000000E-1	1.1970000E+0
NaN	4.3340000E+0	1.6889640E-4	1.7847706E-7	2.6226200E-6	1.6077747E-14	1.3000000E-1	1.3330000E+0
NaN	4.3360000E+0	1.8143760E-4	2.2615561E-7	2.6226200E-6	1.6077747E-14	1.3600000E-1	1.2020000E+0
NaN	4.3380000E+0	1.9607640E-4	2.5668670E-7	2.6226200E-6	1.6077747E-14	1.3800000E-1	1.2050000E+0
NaN	4.3400000E+0	2.0890340E-4	2.0509573E-7	2.6226200E-6	1.6077747E-14	1.3800000E-1	1.2050000E+0
NaN	4.3420000E+0	2.2454340E-4	2.5453597E-7	2.3842000E-6	0.0000000E+0	1.3100000E-1	1.3330000E+0
NaN	4.3440000E+0	2.3846740E-4	2.0509573E-7	2.3842000E-6	0.0000000E+0	1.2900000E-1	1.1950000E+0
NaN	4.3460000E+0	2.5429920E-4	2.8806482E-7	2.1457800E-6	0.0000000E+0	1.3200000E-1	1.1990000E+0
NaN	4.3480000E+0	2.7442160E-4	3.3707782E-7	1.9073600E-6	0.0000000E+0	1.3400000E-1	1.2020000E+0
NaN	4.3500000E+0	2.9530720E-4	2.8806482E-7	1.6689400E-6	1.1368684E-14	1.3200000E-1	1.3350000E+0
NaN	4.3520000E+0	3.1457160E-4	2.8808134E-7	1.4305200E-6	8.0388734E-15	1.3600000E-1	1.2030000E+0
NaN	4.3540000E+0	3.3297740E-4	2.8808134E-7	9.5368200E-7	5.6843419E-15	1.3900000E-1	1.2070000E+0
NaN	4.3560000E+0	3.5143100E-4	2.7180029E-7	7.1525900E-7	0.0000000E+0	1.3400000E-1	1.2010000E+0
NaN	4.3580000E+0	3.7193500E-4	3.3728993E-7	4.7684100E-7	2.8421709E-15	1.3200000E-1	1.3360000E+0
NaN	4.3600000E+0	3.9115140E-4	2.8808134E-7	2.3842000E-7	0.0000000E+0	1.3600000E-1	1.2040000E+0
NaN	4.3620000E+0	4.1008180E-4	3.3714854E-7	-2.3842000E-7	0.0000000E+0	1.3600000E-1	1.2040000E+0
NaN	4.3640000E+0	4.3177800E-4	3.3728993E-7	-7.1525900E-7	0.0000000E+0	1.3400000E-1	1.2020000E+0
NaN	4.3660000E+0	4.5495240E-4	3.5678041E-7	-9.5368200E-7	5.6843419E-15	1.3400000E-1	1.3360000E+0
NaN	4.3680000E+0	4.7517000E-4	3.3728993E-7	-1.4305200E-6	8.0388734E-15	1.3500000E-1	1.2010000E+0
NaN	4.3700000E+0	4.9634340E-4	3.0521822E-7	-2.0027280E-6	5.8400734E-8	1.3600000E-1	1.2020000E+0
NaN	4.3720000E+0	5.1927940E-4	3.3707782E-7	-2.3842000E-6	0.0000000E+0	1.3400000E-1	1.2020000E+0
NaN	4.3740000E+0	5.4254900E-4	3.2515335E-7	-3.2901880E-6	4.7682000E-8	1.4100000E-1	1.3430000E+0
NaN	4.3760000E+0	5.6009660E-4	2.7593688E-7	-3.6239780E-6	4.7688000E-8	1.4000000E-1	1.2070000E+0
NaN	4.3780000E+0	5.8317560E-4	3.3707782E-7	-4.5299800E-6	0.0000000E+0	1.4000000E-1	1.2080000E+0
NaN	4.3800000E+0	6.0415640E-4	3.3707782E-7	-5.1498720E-6	5.8400734E-8	1.3800000E-1	1.2050000E+0
NaN	4.3820000E+0	6.3224220E-4	4.7326794E-7	-6.1989100E-6	0.0000000E+0	1.4400000E-1	1.3470000E+0
NaN	4.3840000E+0	6.5250780E-4	2.5460153E-7	-6.6757500E-6	0.0000000E+0	1.3400000E-1	1.2010000E+0
NaN	4.3860000E+0	6.7716000E-4	5.4050079E-7	-7.3910100E-6	4.5474735E-14	1.3800000E-1	1.2050000E+0
NaN	4.3880000E+0	7.0200320E-4	3.8887137E-7	-7.8678700E-6	4.5474735E-14	1.3300000E-1	1.1990000E+0
NaN	4.3900000E+0	7.2856340E-4	3.7247209E-7	-7.8678700E-6	4.5474735E-14	1.3800000E-1	1.3410000E+0
NaN	4.3920000E+0	7.5412180E-4	6.0784236E-7	-8.3447100E-6	0.0000000E+0	1.4400000E-1	1.2120000E+0
NaN	4.3940000E+0	7.8540220E-4	5.0803773E-7	-8.3447100E-6	0.0000000E+0	1.3500000E-1	1.2010000E+0
NaN	4.3960000E+0	8.1825600E-4	4.0600406E-7	-8.5831300E-6	0.0000000E+0	1.3500000E-1	1.2010000E+0
NaN	4.3980000E+0	8.4743900E-4	4.9208404E-7	-8.3447100E-6	0.0000000E+0	1.3600000E-1	1.3400000E+0
NaN	4.4000000E+0	8.7151900E-4	3.4223530E-7	-7.8678700E-6	4.5474735E-14	1.4400000E-1	1.2100000E+0
NaN	4.4020000E+0	9.0227500E-4	5.9175612E-7	-7.8678700E-6	4.5474735E-14	1.4200000E-1	1.2090000E+0
NaN	4.4040000E+0	9.3393680E-4	5.9080618E-7	-7.8678700E-6	4.5474735E-14	1.3400000E-1	1.2010000E+0
NaN	4.4060000E+0	9.6445460E-4	3.7247209E-7	-7.8678700E-6	4.5474735E-14	1.3400000E-1	1.3370000E+0
NaN	4.4080000E+0	9.8791880E-4	4.5602647E-7	-7.8678700E-6	4.5474735E-14	1.3800000E-1	1.2040000E+0
NaN	4.4100000E+0	1.0117120E-3	2.8784371E-7	-7.8678700E-6	4.5474735E-14	1.4000000E-1	1.2070000E+0
NaN	4.4120000E+0	1.0379400E-3	4.2444081E-7	-7.6294500E-6	0.0000000E+0	1.4000000E-1	1.2080000E+0
NaN	4.4140000E+0	1.0652140E-3	4.2167049E-7	-7.6294500E-6	0.0000000E+0	1.3600000E-1	1.3390000E+0
NaN	4.4160000E+0	1.0910580E-3	4.2246183E-7	-7.8678700E-6	4.5474735E-14	1.3800000E-1	1.2050000E+0
NaN	4.4180000E+0	1.1216720E-3	4.5564679E-7	-7.8678700E-6	4.5474735E-14	1.3200000E-1	1.1990000E+0
NaN	4.4200000E+0	1.1435120E-3	3.0524416E-7	-7.8678700E-6	4.5474735E-14	1.3700000E-1	1.2030000E+0
NaN	4.4220000E+0	1.1711200E-3	3.3658580E-7	-7.6294500E-6	0.0000000E+0	1.3400000E-1	1.3370000E+0
NaN	4.4240000E+0	1.1922440E-3	2.8709929E-7	-7.6294500E-6	0.0000000E+0	1.3300000E-1	1.2010000E+0
NaN	4.4260000E+0	1.2148440E-3	2.8850650E-7	-7.3910100E-6	4.5474735E-14	1.3600000E-1	1.2030000E+0
NaN	4.4280000E+0	1.2342520E-3	3.2260502E-7	-7.6294500E-6	0.0000000E+0	1.3200000E-1	1.1980000E+0
NaN	4.4300000E+0	1.2514660E-3	1.6758878E-7	-7.6294500E-6	0.0000000E+0	1.3400000E-1	1.3370000E+0
NaN	4.4320000E+0	1.2648660E-3	2.0483164E-7	-7.5340740E-6	5.8405633E-8	1.3400000E-1	1.2020000E+0
NaN	4.4340000E+0	1.2798860E-3	3.4146156E-7	-7.3910100E-6	4.5474735E-14	1.3400000E-1	1.2020000E+0
NaN	4.4360000E+0	1.2962900E-3	1.6970563E-7	-6.9141700E-6	0.0000000E+0	1.3600000E-1	1.2030000E+0
NaN	4.4380000E+0	1.3128840E-3	3.4168114E-7	-7.3910100E-6	4.5474735E-14	1.3400000E-1	1.3380000E+0
NaN	4.4400000E+0	1.3269040E-3	1.4267445E-7	-6.7711180E-6	5.8400734E-8	1.3400000E-1	1.2010000E+0
NaN	4.4420000E+0	1.3270500E-3	0.0000000E+0	-5.9604900E-6	0.0000000E+0	1.3200000E-1	1.1990000E+0
NaN	4.4440000E+0	1.3414940E-3	2.0922715E-7	-6.1989100E-6	0.0000000E+0	1.3200000E-1	1.1990000E+0
NaN	4.4460000E+0	1.3380100E-3	8.2318063E-12	-5.9604900E-6	0.0000000E+0	1.3100000E-1	1.3330000E+0
NaN	4.4480000E+0	1.3387780E-3	4.8000000E-8	-5.2929240E-6	4.7684000E-8	1.3000000E-1	1.1970000E+0
NaN	4.4500000E+0	1.3379160E-3	1.2081391E-7	-4.7684000E-6	0.0000000E+0	1.3400000E-1	1.2000000E+0
NaN	4.4520000E+0	1.3367720E-3	8.9799778E-8	-5.0068200E-6	3.2155494E-14	1.3500000E-1	1.2030000E+0
NaN	4.4540000E+0	1.3374900E-3	1.5754364E-7	-4.8160840E-6	4.7684000E-8	1.3300000E-1	1.3370000E+0
NaN	4.4560000E+0	1.3277600E-3	1.6970563E-7	-4.0531400E-6	0.0000000E+0	1.3200000E-1	1.2000000E+0
NaN	4.4580000E+0	1.3200840E-3	2.0483164E-7	-3.3378700E-6	0.0000000E+0	1.3000000E-1	1.1970000E+0
NaN	4.4600000E+0	1.3096400E-3	1.0733126E-7	-2.3842000E-6	0.0000000E+0	1.2700000E-1	1.1940000E+0
NaN	4.4620000E+0	1.2926660E-3	3.7278144E-7	-1.1921000E-6	0.0000000E+0	1.3600000E-1	1.3390000E+0
NaN	4.4640000E+0	1.2743060E-3	3.0516553E-7	-1.4305200E-7	5.8400734E-8	1.2200000E-1	1.1900000E+0
NaN	4.4660000E+0	1.2619600E-3	1.0733126E-7	4.7684100E-7	2.8421709E-15	1.3200000E-1	1.1990000E+0
NaN	4.4680000E+0	1.2423100E-3	3.8934560E-7	9.5368200E-7	5.6843419E-15	1.3200000E-1	1.2000000E+0
NaN	4.4700000E+0	1.2204720E-3	1.6829736E-7	1.1921000E-6	0.0000000E+0	1.3400000E-1	1.3360000E+0
NaN	4.4720000E+0	1.2055480E-3	2.8858967E-7	7.1525900E-7	0.0000000E+0	1.3100000E-1	1.1970000E+0
NaN	4.4740000E+0	1.1777020E-3	5.4156625E-7	4.7684100E-7	2.8421709E-15	1.3100000E-1	1.1970000E+0
NaN	4.4760000E+0	1.1492340E-3	2.0436732E-7	9.5368000E-8	5.8400734E-8	1.1700000E-1	1.1840000E+0
NaN	4.4780000E+0	1.1221960E-3	3.7278144E-7	-4.7684100E-7	2.8421709E-15	1.3200000E-1	1.3350000E+0
NaN	4.4800000E+0	1.0976400E-3	4.7281074E-7	-9.5368200E-7	5.6843419E-15	1.4200000E-1	1.2100000E+0
NaN	4.4820000E+0	1.0636400E-3	5.9122754E-7	-1.4305200E-6	8.0388734E-15	1.3400000E-1	1.2000000E+0
NaN	4.4840000E+0	1.0278300E-3	5.0629043E-7	-2.1457800E-6	0.0000000E+0	1.3200000E-1	1.1980000E+0
NaN	4.4860000E+0	9.9263940E-4	5.7720279E-7	-2.8610400E-6	1.6077747E-14	1.3400000E-1	1.3380000E+0
NaN	4.4880000E+0	9.6073540E-4	5.5705050E-7	-2.9564080E-6	5.8400734E-8	1.4000000E-1	1.2070000E+0
NaN	4.4900000E+0	9.2893040E-4	4.9092674E-7	-3.3378700E-6	0.0000000E+0	1.3600000E-1	1.2030000E+0
NaN	4.4920000E+0	8.9393020E-4	6.4240839E-7	-3.3378700E-6	0.0000000E+0	1.3600000E-1	1.2020000E+0
NaN	4.4940000E+0	8.6002720E-4	3.0527289E-7	-3.3378700E-6	0.0000000E+0	1.3600000E-1	1.3400000E+0
NaN	4.4960000E+0	8.3022480E-4	5.7616269E-7	-3.8147300E-6	0.0000000E+0	1.4200000E-1	1.2090000E+0
NaN	4.4980000E+0	7.9989820E-4	5.0572279E-7	-4.0531400E-6	0.0000000E+0	1.4000000E-1	1.2070000E+0
NaN	4.5000000E+0	7.6771160E-4	5.0579350E-7	-4.0531400E-6	0.0000000E+0	1.3500000E-1	1.2000000E+0
NaN	4.5020000E+0	7.3090000E-4	4.9208404E-7	-4.0531400E-6	0.0000000E+0	1.3300000E-1	1.3360000E+0
NaN	4.5040000E+0	6.9437400E-4	5.5718318E-7	-4.1485080E-6	5.8400734E-8	1.3800000E-1	1.2050000E+0
NaN	4.5060000E+0	6.6686040E-4	5.0579350E-7	-4.2915600E-6	0.0000000E+0	1.4300000E-1	1.2100000E+0
NaN	4.5080000E+0	6.4049160E-4	4.9215187E-7	-4.5299800E-6	0.0000000E+0	1.4100000E-1	1.2090000E+0
NaN	4.5100000E+0	6.0787580E-4	3.8887137E-7	-4.5299800E-6	0.0000000E+0	1.3400000E-1	1.3370000E+0
NaN	4.5120000E+0	5.7955140E-4	4.2244249E-7	-4.2915600E-6	0.0000000E+0	1.3800000E-1	1.2060000E+0
NaN	4.5140000E+0	5.5203820E-4	4.5602647E-7	-4.2915600E-6	0.0000000E+0	1.3400000E-1	1.2010000E+0
NaN	4.5160000E+0	5.2519240E-4	3.7247209E-7	-4.0531400E-6	0.0000000E+0	1.3700000E-1	1.2040000E+0
NaN	4.5180000E+0	4.9820300E-4	3.8888366E-7	-3.8147300E-6	0.0000000E+0	1.3800000E-1	1.3400000E+0
NaN	4.5200000E+0	4.7583760E-4	3.7241450E-7	-3.8147300E-6	0.0000000E+0	1.3700000E-1	1.2050000E+0
NaN	4.5220000E+0	4.5194800E-4	4.5616762E-7	-3.4332380E-6	5.8400734E-8	1.3600000E-1	1.2030000E+0
NaN	4.5240000E+0	4.2677100E-4	4.0600406E-7	-3.0994600E-6	2.2737368E-14	1.3900000E-1	1.2060000E+0
NaN	4.5260000E+0	4.0388300E-4	3.3728993E-7	-2.8610400E-6	1.6077747E-14	1.3400000E-1	1.3370000E+0
NaN	4.5280000E+0	3.8380800E-4	3.2334022E-7	-2.8610400E-6	1.6077747E-14	1.3800000E-1	1.2050000E+0
NaN	4.5300000E+0	3.6368540E-4	3.8873649E-7	-2.6226200E-6	1.6077747E-14	1.3600000E-1	1.2030000E+0
NaN	4.5320000E+0	3.4470720E-4	3.0536657E-7	-2.3842000E-6	0.0000000E+0	1.3200000E-1	1.2000000E+0
NaN	4.5340000E+0	3.2553840E-4	2.2106800E-7	-2.1457800E-6	0.0000000E+0	1.3400000E-1	1.3380000E+0
NaN	4.5360000E+0	3.0961240E-4	2.8808134E-7	-1.6689400E-6	1.1368684E-14	1.3800000E-1	1.2050000E+0
NaN	4.5380000E+0	2.9440120E-4	1.9076252E-7	-1.6689400E-6	1.1368684E-14	1.3600000E-1	1.2030000E+0
NaN	4.5400000E+0	2.8023920E-4	2.2114348E-7	-1.1921000E-6	0.0000000E+0	1.3600000E-1	1.2040000E+0
NaN	4.5420000E+0	2.6736440E-4	1.9369682E-7	-8.5831280E-7	5.8401469E-8	1.3600000E-1	1.3390000E+0
NaN	4.5440000E+0	2.5677880E-4	1.6864501E-7	-5.2452460E-7	4.7683600E-8	1.3400000E-1	1.2020000E+0
NaN	4.5460000E+0	2.4833860E-4	1.2151362E-7	0.0000000E+0	0.0000000E+0	1.1000000E-1	1.1760000E+0
NaN	4.5480000E+0	2.3818120E-4	1.6864501E-7	4.7684100E-7	2.8421709E-15	1.3200000E-1	1.1990000E+0
NaN	4.5500000E+0	2.2802460E-4	1.2157245E-7	7.1525900E-7	0.0000000E+0	1.3500000E-1	1.3370000E+0
NaN	4.5520000E+0	2.1863080E-4	1.6864501E-7	9.5368200E-7	5.6843419E-15	1.3300000E-1	1.2000000E+0
NaN	4.5540000E+0	2.0799720E-4	1.6171438E-7	1.1921000E-6	0.0000000E+0	1.3500000E-1	1.2010000E+0
NaN	4.5560000E+0	1.9660100E-4	2.0785067E-7	1.4305200E-6	8.0388734E-15	1.3600000E-1	1.2030000E+0
NaN	4.5580000E+0	1.8382160E-4	1.6850359E-7	1.4305200E-6	8.0388734E-15	1.3800000E-1	1.3410000E+0
NaN	4.5600000E+0	1.7380800E-4	1.6857432E-7	1.4305200E-6	8.0388734E-15	1.3000000E-1	1.1980000E+0
NaN	4.5620000E+0	1.6355600E-4	1.6857432E-7	1.4305200E-6	8.0388734E-15	1.3400000E-1	1.2020000E+0
NaN	4.5640000E+0	1.5359000E-4	1.3899964E-7	1.4305200E-6	8.0388734E-15	1.3600000E-1	1.2040000E+0
NaN	4.5660000E+0	1.4367180E-4	1.2165089E-7	1.4305200E-6	8.0388734E-15	1.4000000E-1	1.3430000E+0
NaN	4.5680000E+0	1.3637640E-4	1.0666049E-7	1.4305200E-6	8.0388734E-15	1.3400000E-1	1.2020000E+0
NaN	4.5700000E+0	1.2922360E-4	1.0666049E-7	1.6689400E-6	1.1368684E-14	1.3800000E-1	1.2060000E+0
NaN	4.5720000E+0	1.2188020E-4	1.3915402E-7	1.8596760E-6	4.7684000E-8	1.3800000E-1	1.2060000E+0
NaN	4.5740000E+0	1.1539500E-4	1.0643684E-7	1.9073600E-6	0.0000000E+0	1.3400000E-1	1.2020000E+0
NaN	4.5760000E+0	1.0786120E-4	1.2165089E-7	2.1457800E-6	0.0000000E+0	1.3400000E-1	1.3360000E+0
NaN	4.5780000E+0	1.0190060E-4	1.2157245E-7	2.1457800E-6	0.0000000E+0	1.2900000E-1	1.1950000E+0
NaN	4.5800000E+0	9.5367900E-5	1.0661572E-7	1.9073600E-6	0.0000000E+0	1.3100000E-1	1.1980000E+0
NaN	4.5820000E+0	8.9312060E-5	1.2157435E-7	1.9073600E-6	0.0000000E+0	1.3400000E-1	1.2010000E+0
NaN	4.5840000E+0	8.3780760E-5	9.5360000E-8	1.9073600E-6	0.0000000E+0	1.3800000E-1	1.3420000E+0
NaN	4.5860000E+0	7.9489240E-5	9.5377500E-8	1.9073600E-6	0.0000000E+0	1.3000000E-1	1.1970000E+0
NaN	4.5880000E+0	7.4911580E-5	8.9201112E-8	1.9073600E-6	0.0000000E+0	1.3200000E-1	1.1990000E+0
NaN	4.5900000E+0	7.0763120E-5	4.7680000E-8	2.1457800E-6	0.0000000E+0	1.3400000E-1	1.2010000E+0
NaN	4.5920000E+0	6.5708640E-5	5.8395835E-8	2.1457800E-6	0.0000000E+0	1.3600000E-1	1.3400000E+0
NaN	4.5940000E+0	6.2084660E-5	5.8395835E-8	2.1457800E-6	0.0000000E+0	1.3200000E-1	1.2000000E+0
NaN	4.5960000E+0	5.8126680E-5	8.9222494E-8	2.1457800E-6	0.0000000E+0	1.3200000E-1	1.1990000E+0
NaN	4.5980000E+0	5.4741140E-5	5.8395835E-8	2.1457800E-6	0.0000000E+0	1.3600000E-1	1.2040000E+0
NaN	4.6000000E+0	5.1641700E-5	5.8420330E-8	1.9073600E-6	0.0000000E+0	1.3600000E-1	1.3400000E+0
NaN	4.6020000E+0	4.9400580E-5	4.7680000E-8	1.9073600E-6	0.0000000E+0	1.3400000E-1	1.2020000E+0
NaN	4.6040000E+0	4.7970080E-5	4.7680000E-8	1.9073600E-6	0.0000000E+0	1.3600000E-1	1.2020000E+0
NaN	4.6060000E+0	4.6158040E-5	5.8395835E-8	1.9073600E-6	0.0000000E+0	1.3100000E-1	1.1970000E+0
NaN	4.6080000E+0	4.4250740E-5	5.8395835E-8	1.6689400E-6	1.1368684E-14	1.4200000E-1	1.3460000E+0
NaN	4.6100000E+0	4.3154000E-5	0.0000000E+0	1.9073600E-6	0.0000000E+0	1.3800000E-1	1.2050000E+0
NaN	4.6120000E+0	4.1914220E-5	4.7680000E-8	1.8596760E-6	4.7684000E-8	1.3400000E-1	1.2020000E+0
NaN	4.6140000E+0	4.0531400E-5	0.0000000E+0	1.6689400E-6	1.1368684E-14	1.2800000E-1	1.1950000E+0
NaN	4.6160000E+0	3.8910180E-5	4.7680000E-8	1.6689400E-6	1.1368684E-14	1.3400000E-1	1.3370000E+0
NaN	4.6180000E+0	3.7575000E-5	5.8420330E-8	1.6689400E-6	1.1368684E-14	1.3200000E-1	1.1980000E+0
NaN	4.6200000E+0	3.6335260E-5	5.8395835E-8	1.4305200E-6	8.0388734E-15	1.4600000E-1	1.2120000E+0
NaN	4.6220000E+0	3.5095480E-5	4.7680000E-8	1.6689400E-6	1.1368684E-14	1.3600000E-1	1.2040000E+0
NaN	4.6240000E+0	3.3903380E-5	4.7680000E-8	1.6689400E-6	1.1368684E-14	1.3200000E-1	1.3350000E+0
NaN	4.6260000E+0	3.2902000E-5	1.8189894E-13	1.5735720E-6	5.8400734E-8	1.3600000E-1	1.2040000E+0
NaN	4.6280000E+0	3.1948300E-5	1.8189894E-13	1.4305200E-6	8.0388734E-15	1.4400000E-1	1.2100000E+0
NaN	4.6300000E+0	3.0994600E-5	1.8189894E-13	1.4305200E-6	8.0388734E-15	1.2800000E-1	1.1950000E+0
NaN	4.6320000E+0	3.0040900E-5	1.8189894E-13	1.4305200E-6	8.0388734E-15	1.3400000E-1	1.3350000E+0
NaN	4.6340000E+0	2.9373280E-5	4.7680000E-8	1.4305200E-6	8.0388734E-15	1.3600000E-1	1.2030000E+0
NaN	4.6360000E+0	2.8705700E-5	5.8420330E-8	1.4305200E-6	8.0388734E-15	1.4400000E-1	1.2120000E+0
NaN	4.6380000E+0	2.8133500E-5	0.0000000E+0	1.4305200E-6	8.0388734E-15	1.4200000E-1	1.2090000E+0
NaN	4.6400000E+0	2.7656700E-5	1.8189894E-13	1.4305200E-6	8.0388734E-15	1.3600000E-1	1.3390000E+0
NaN	4.6420000E+0	2.7036760E-5	5.8395835E-8	1.4305200E-6	8.0388734E-15	1.3400000E-1	1.2010000E+0
NaN	4.6440000E+0	2.6655320E-5	4.7680000E-8	1.4305200E-6	8.0388734E-15	1.3800000E-1	1.2050000E+0
NaN	4.6460000E+0	2.6083100E-5	5.8420330E-8	1.4305200E-6	8.0388734E-15	1.4400000E-1	1.2110000E+0
NaN	4.6480000E+0	2.5510900E-5	0.0000000E+0	1.4305200E-6	8.0388734E-15	1.3800000E-1	1.3420000E+0
NaN	4.6500000E+0	2.5034100E-5	0.0000000E+0	1.4305200E-6	8.0388734E-15	1.3600000E-1	1.2030000E+0
NaN	4.6520000E+0	2.4557200E-5	0.0000000E+0	1.4305200E-6	8.0388734E-15	1.3400000E-1	1.2010000E+0
NaN	4.6540000E+0	2.4080400E-5	1.2862197E-13	1.1921000E-6	0.0000000E+0	1.3600000E-1	1.2030000E+0
NaN	4.6560000E+0	2.3603600E-5	0.0000000E+0	1.1921000E-6	0.0000000E+0	1.2900000E-1	1.3310000E+0
NaN	4.6580000E+0	2.3126700E-5	0.0000000E+0	1.4305200E-6	8.0388734E-15	1.3300000E-1	1.2000000E+0
NaN	4.6600000E+0	2.2649900E-5	1.2862197E-13	1.1921000E-6	0.0000000E+0	1.3200000E-1	1.2000000E+0
NaN	4.6620000E+0	2.2602220E-5	4.7680000E-8	1.1921000E-6	0.0000000E+0	1.3200000E-1	1.2000000E+0
NaN	4.6640000E+0	2.1934600E-5	0.0000000E+0	1.4305200E-6	8.0388734E-15	1.3000000E-1	1.3330000E+0
NaN	4.6660000E+0	2.1934600E-5	0.0000000E+0	1.4305200E-6	8.0388734E-15	1.3000000E-1	1.1980000E+0
NaN	4.6680000E+0	2.1457800E-5	1.2862197E-13	1.1921000E-6	0.0000000E+0	1.3600000E-1	1.2040000E+0
NaN	4.6700000E+0	2.0981000E-5	1.2862197E-13	1.1921000E-6	0.0000000E+0	1.3600000E-1	1.2040000E+0
NaN	4.6720000E+0	2.0742500E-5	0.0000000E+0	1.1921000E-6	0.0000000E+0	1.3000000E-1	1.3330000E+0
NaN	4.6740000E+0	2.0265700E-5	0.0000000E+0	1.1921000E-6	0.0000000E+0	1.3400000E-1	1.2010000E+0
NaN	4.6760000E+0	2.0027300E-5	1.2862197E-13	1.1921000E-6	0.0000000E+0	1.3100000E-1	1.1980000E+0
NaN	4.6780000E+0	1.9788900E-5	0.0000000E+0	9.5368200E-7	5.6843419E-15	1.3600000E-1	1.2030000E+0
NaN	4.6800000E+0	1.9645800E-5	5.8420330E-8	1.1921000E-6	0.0000000E+0	1.3400000E-1	1.3360000E+0
NaN	4.6820000E+0	1.9550400E-5	0.0000000E+0	1.1921000E-6	0.0000000E+0	1.3700000E-1	1.2060000E+0
NaN	4.6840000E+0	1.9312000E-5	0.0000000E+0	1.1921000E-6	0.0000000E+0	1.3300000E-1	1.1990000E+0
NaN	4.6860000E+0	1.9073600E-5	0.0000000E+0	1.1921000E-6	0.0000000E+0	1.3300000E-1	1.2000000E+0
NaN	4.6880000E+0	1.8596800E-5	0.0000000E+0	1.1921000E-6	0.0000000E+0	1.4000000E-1	1.3430000E+0
NaN	4.6900000E+0	1.8596800E-5	0.0000000E+0	1.1921000E-6	0.0000000E+0	1.3200000E-1	1.1990000E+0
NaN	4.6920000E+0	1.8596800E-5	0.0000000E+0	9.5368200E-7	5.6843419E-15	1.3500000E-1	1.2030000E+0
NaN	4.6940000E+0	1.8119900E-5	0.0000000E+0	1.1921000E-6	0.0000000E+0	1.3400000E-1	1.2010000E+0
NaN	4.6960000E+0	1.8119900E-5	0.0000000E+0	1.1444164E-6	4.7683600E-8	1.4600000E-1	1.3490000E+0
NaN	4.6980000E+0	1.7881500E-5	0.0000000E+0	9.5368200E-7	5.6843419E-15	1.3600000E-1	1.2030000E+0
NaN	4.7000000E+0	1.7643100E-5	0.0000000E+0	9.5368200E-7	5.6843419E-15	1.3400000E-1	1.2010000E+0
NaN	4.7020000E+0	1.7643100E-5	0.0000000E+0	9.5368200E-7	5.6843419E-15	1.3400000E-1	1.2010000E+0
NaN	4.7040000E+0	1.7643100E-5	0.0000000E+0	9.5368200E-7	5.6843419E-15	1.4400000E-1	1.3480000E+0
NaN	4.7060000E+0	1.7404700E-5	1.2862197E-13	9.5368200E-7	5.6843419E-15	1.2800000E-1	1.1970000E+0
NaN	4.7080000E+0	1.7213980E-5	4.7680000E-8	9.5368200E-7	5.6843419E-15	1.3300000E-1	1.2010000E+0
NaN	4.7100000E+0	1.7166300E-5	0.0000000E+0	9.5368200E-7	5.6843419E-15	1.3700000E-1	1.2040000E+0
NaN	4.7120000E+0	1.6927800E-5	9.0949470E-14	9.5368200E-7	5.6843419E-15	1.3400000E-1	1.3380000E+0
NaN	4.7140000E+0	1.6927800E-5	9.0949470E-14	9.5368200E-7	5.6843419E-15	1.4600000E-1	1.2140000E+0
NaN	4.7160000E+0	1.6927800E-5	9.0949470E-14	9.5368200E-7	5.6843419E-15	1.3400000E-1	1.2010000E+0
NaN	4.7180000E+0	1.6927800E-5	9.0949470E-14	9.5368200E-7	5.6843419E-15	1.3000000E-1	1.1980000E+0
NaN	4.7200000E+0	1.6689400E-5	0.0000000E+0	9.5368200E-7	5.6843419E-15	1.3200000E-1	1.3360000E+0
NaN	4.7220000E+0	1.6689400E-5	0.0000000E+0	9.5368200E-7	5.6843419E-15	1.3800000E-1	1.2040000E+0
NaN	4.7240000E+0	1.6451000E-5	9.0949470E-14	9.5368200E-7	5.6843419E-15	1.4200000E-1	1.2100000E+0
NaN	4.7260000E+0	1.6451000E-5	9.0949470E-14	9.5368200E-7	5.6843419E-15	1.3000000E-1	1.1980000E+0
NaN	4.7280000E+0	1.6212600E-5	9.0949470E-14	9.5368200E-7	5.6843419E-15	1.3200000E-1	1.3360000E+0
NaN	4.7300000E+0	1.6212600E-5	9.0949470E-14	9.5368200E-7	5.6843419E-15	1.3000000E-1	1.1960000E+0
NaN	4.7320000E+0	1.6212600E-5	9.0949470E-14	9.5368200E-7	5.6843419E-15	1.3400000E-1	1.2020000E+0
NaN	4.7340000E+0	1.5974200E-5	9.0949470E-14	9.5368200E-7	5.6843419E-15	1.4200000E-1	1.2080000E+0
NaN	4.7360000E+0	1.5974200E-5	9.0949470E-14	9.5368200E-7	5.6843419E-15	1.3400000E-1	1.3370000E+0
NaN	4.7380000E+0	1.5974200E-5	9.0949470E-14	9.5368200E-7	5.6843419E-15	1.3200000E-1	1.2000000E+0
NaN	4.7400000E+0	1.5974200E-5	9.0949470E-14	9.5368200E-7	5.6843419E-15	1.3400000E-1	1.2010000E+0
NaN	4.7420000E+0	1.5974200E-5	9.0949470E-14	9.5368200E-7	5.6843419E-15	1.4000000E-1	1.2080000E+0
NaN	4.7440000E+0	1.5735700E-5	0.0000000E+0	9.5368200E-7	5.6843419E-15	1.3600000E-1	1.3390000E+0
NaN	4.7460000E+0	1.5878800E-5	5.8420330E-8	9.5368200E-7	5.6843419E-15	1.3400000E-1	1.2010000E+0
NaN	4.7480000E+0	1.5735700E-5	0.0000000E+0	9.5368200E-7	5.6843419E-15	1.3400000E-1	1.2020000E+0
NaN	4.7500000E+0	1.5735700E-5	0.0000000E+0	9.5368200E-7	5.6843419E-15	1.3600000E-1	1.2030000E+0
NaN	4.7520000E+0	1.5735700E-5	0.0000000E+0	9.5368200E-7	5.6843419E-15	1.3100000E-1	1.3330000E+0
NaN	4.7540000E+0	1.5497300E-5	9.0949470E-14	9.5368200E-7	5.6843419E-15	1.3400000E-1	1.2000000E+0
NaN	4.7560000E+0	1.5497300E-5	9.0949470E-14	9.5368200E-7	5.6843419E-15	1.3000000E-1	1.1980000E+0
NaN	4.7580000E+0	1.5497300E-5	9.0949470E-14	9.5368200E-7	5.6843419E-15	1.3200000E-1	1.2000000E+0
NaN	4.7600000E+0	1.5497300E-5	9.0949470E-14	9.5368200E-7	5.6843419E-15	1.3700000E-1	1.3380000E+0
NaN	4.7620000E+0	1.5354260E-5	5.8395835E-8	9.5368200E-7	5.6843419E-15	1.3500000E-1	1.2010000E+0
NaN	4.7640000E+0	1.5258900E-5	0.0000000E+0	9.5368200E-7	5.6843419E-15	1.3400000E-1	1.2010000E+0
NaN	4.7660000E+0	1.5258900E-5	0.0000000E+0	9.5368200E-7	5.6843419E-15	1.3600000E-1	1.2030000E+0
NaN	4.7680000E+0	1.5258900E-5	0.0000000E+0	9.5368200E-7	5.6843419E-15	1.3600000E-1	1.3400000E+0
NaN	4.7700000E+0	1.5020400E-5	0.0000000E+0	9.5368200E-7	5.6843419E-15	1.3400000E-1	1.2010000E+0
NaN	4.7720000E+0	1.5020400E-5	0.0000000E+0	9.5368200E-7	5.6843419E-15	1.3000000E-1	1.1980000E+0
NaN	4.7740000E+0	1.5258900E-5	0.0000000E+0	1.1921000E-6	0.0000000E+0	1.3300000E-1	1.1990000E+0
NaN	4.7760000E+0	1.5258900E-5	0.0000000E+0	9.5368200E-7	5.6843419E-15	1.3400000E-1	1.3380000E+0
NaN	4.7780000E+0	1.5020400E-5	0.0000000E+0	9.5368200E-7	5.6843419E-15	1.3400000E-1	1.2020000E+0
NaN	4.7800000E+0	1.5020400E-5	0.0000000E+0	9.5368200E-7	5.6843419E-15	1.3200000E-1	1.2000000E+0
NaN	4.7820000E+0	1.5020400E-5	0.0000000E+0	9.5368200E-7	5.6843419E-15	1.3400000E-1	1.2010000E+0
NaN	4.7840000E+0	1.4877360E-5	5.8395835E-8	9.5368200E-7	5.6843419E-15	1.4200000E-1	1.3450000E+0
NaN	4.7860000E+0	1.5020400E-5	0.0000000E+0	9.5368200E-7	5.6843419E-15	1.3500000E-1	1.2000000E+0
NaN	4.7880000E+0	1.4782000E-5	0.0000000E+0	9.5368200E-7	5.6843419E-15	1.3700000E-1	1.2030000E+0
NaN	4.7900000E+0	1.4782000E-5	0.0000000E+0	9.5368200E-7	5.6843419E-15	1.3300000E-1	1.2000000E+0
NaN	4.7920000E+0	1.4782000E-5	0.0000000E+0	9.5368200E-7	5.6843419E-15	1.4000000E-1	1.3430000E+0
NaN	4.7940000E+0	1.4782000E-5	0.0000000E+0	9.5368200E-7	5.6843419E-15	1.3400000E-1	1.2010000E+0
NaN	4.7960000E+0	1.4782000E-5	0.0000000E+0	9.5368200E-7	5.6843419E-15	1.3200000E-1	1.1990000E+0
NaN	4.7980000E+0	1.4782000E-5	0.0000000E+0	9.5368200E-7	5.6843419E-15	1.3200000E-1	1.1980000E+0
NaN	4.8000000E+0	1.4543600E-5	0.0000000E+0	9.5368200E-7	5.6843419E-15	1.3800000E-1	1.3420000E+0
