# INFO:
#
#LockIn-Datenpunkte für Mittelwert: 5
#LockIn1 SR830 Sensitivity: 1.000000E+0V
#Wait time:    aussen: 2.000 s    1.innen: 1.000 s    innen: 0.500 s
#Zaehler	SM XPS1	CHX	CHXErr	CHY	CHYErr	MessZeit(s)	ZeitproPunkt(s)
NaN	4.1000000E+0	7.3242600E-4	0.0000000E+0	0.0000000E+0	0.0000000E+0	1.7900000E-1	1.8420000E+0
NaN	4.1020000E+0	7.3242600E-4	0.0000000E+0	0.0000000E+0	0.0000000E+0	1.1600000E-1	6.8200000E-1
NaN	4.1040000E+0	7.3242600E-4	0.0000000E+0	0.0000000E+0	0.0000000E+0	1.1300000E-1	6.7900000E-1
NaN	4.1060000E+0	7.3242600E-4	0.0000000E+0	0.0000000E+0	0.0000000E+0	1.2400000E-1	6.9100000E-1
NaN	4.1080000E+0	7.3242600E-4	0.0000000E+0	0.0000000E+0	0.0000000E+0	1.1600000E-1	8.2200000E-1
NaN	4.1100000E+0	7.3242600E-4	0.0000000E+0	0.0000000E+0	0.0000000E+0	1.2000000E-1	6.8700000E-1
NaN	4.1120000E+0	7.3242600E-4	0.0000000E+0	0.0000000E+0	0.0000000E+0	1.2000000E-1	6.8600000E-1
NaN	4.1140000E+0	7.3242600E-4	0.0000000E+0	0.0000000E+0	0.0000000E+0	1.1600000E-1	6.8400000E-1
NaN	4.1160000E+0	7.3242600E-4	0.0000000E+0	0.0000000E+0	0.0000000E+0	1.1600000E-1	8.1900000E-1
NaN	4.1180000E+0	7.3242600E-4	0.0000000E+0	0.0000000E+0	0.0000000E+0	1.2000000E-1	6.8700000E-1
NaN	4.1200000E+0	7.3242600E-4	0.0000000E+0	0.0000000E+0	0.0000000E+0	1.1700000E-1	6.8400000E-1
NaN	4.1220000E+0	7.3242600E-4	0.0000000E+0	0.0000000E+0	0.0000000E+0	1.1800000E-1	6.8500000E-1
NaN	4.1240000E+0	7.3242600E-4	0.0000000E+0	0.0000000E+0	0.0000000E+0	1.2000000E-1	8.2300000E-1
NaN	4.1260000E+0	7.3242600E-4	0.0000000E+0	0.0000000E+0	0.0000000E+0	1.1800000E-1	6.8400000E-1
NaN	4.1280000E+0	7.3242600E-4	0.0000000E+0	0.0000000E+0	0.0000000E+0	1.1800000E-1	6.8400000E-1
NaN	4.1300000E+0	7.3242600E-4	0.0000000E+0	0.0000000E+0	0.0000000E+0	1.1400000E-1	6.8100000E-1
NaN	4.1320000E+0	7.3242600E-4	0.0000000E+0	0.0000000E+0	0.0000000E+0	1.2200000E-1	8.2500000E-1
NaN	4.1340000E+0	7.3242600E-4	0.0000000E+0	0.0000000E+0	0.0000000E+0	1.1600000E-1	6.8300000E-1
NaN	4.1360000E+0	7.3242600E-4	0.0000000E+0	0.0000000E+0	0.0000000E+0	1.1700000E-1	6.8400000E-1
NaN	4.1380000E+0	7.3242600E-4	0.0000000E+0	0.0000000E+0	0.0000000E+0	1.1800000E-1	6.8500000E-1
NaN	4.1400000E+0	7.3242600E-4	0.0000000E+0	0.0000000E+0	0.0000000E+0	1.1800000E-1	8.2100000E-1
NaN	4.1420000E+0	7.3242600E-4	0.0000000E+0	0.0000000E+0	0.0000000E+0	1.2000000E-1	6.8600000E-1
NaN	4.1440000E+0	7.3242600E-4	0.0000000E+0	0.0000000E+0	0.0000000E+0	1.1600000E-1	6.8100000E-1
NaN	4.1460000E+0	7.3242600E-4	0.0000000E+0	0.0000000E+0	0.0000000E+0	1.2400000E-1	6.9200000E-1
NaN	4.1480000E+0	7.3242600E-4	0.0000000E+0	0.0000000E+0	0.0000000E+0	1.1400000E-1	8.1600000E-1
NaN	4.1500000E+0	7.3242600E-4	0.0000000E+0	0.0000000E+0	0.0000000E+0	1.2000000E-1	6.8700000E-1
NaN	4.1520000E+0	7.3242600E-4	0.0000000E+0	0.0000000E+0	0.0000000E+0	1.1500000E-1	6.8200000E-1
NaN	4.1540000E+0	7.3242600E-4	0.0000000E+0	0.0000000E+0	0.0000000E+0	1.1600000E-1	6.8300000E-1
NaN	4.1560000E+0	7.3242600E-4	0.0000000E+0	0.0000000E+0	0.0000000E+0	1.1600000E-1	8.2000000E-1
NaN	4.1580000E+0	7.3242600E-4	0.0000000E+0	0.0000000E+0	0.0000000E+0	1.1600000E-1	6.8300000E-1
NaN	4.1600000E+0	7.3242600E-4	0.0000000E+0	0.0000000E+0	0.0000000E+0	1.1800000E-1	6.8300000E-1
NaN	4.1620000E+0	7.3242600E-4	0.0000000E+0	0.0000000E+0	0.0000000E+0	1.1600000E-1	6.8300000E-1
NaN	4.1640000E+0	7.3242600E-4	0.0000000E+0	0.0000000E+0	0.0000000E+0	1.1400000E-1	8.1700000E-1
NaN	4.1660000E+0	7.3242600E-4	0.0000000E+0	0.0000000E+0	0.0000000E+0	1.1600000E-1	6.8400000E-1
NaN	4.1680000E+0	7.3242600E-4	0.0000000E+0	0.0000000E+0	0.0000000E+0	1.1100000E-1	6.7700000E-1
NaN	4.1700000E+0	7.3242600E-4	0.0000000E+0	0.0000000E+0	0.0000000E+0	1.1800000E-1	6.8400000E-1
NaN	4.1720000E+0	7.3242600E-4	0.0000000E+0	0.0000000E+0	0.0000000E+0	1.1800000E-1	8.2200000E-1
NaN	4.1740000E+0	7.3242600E-4	0.0000000E+0	0.0000000E+0	0.0000000E+0	1.2200000E-1	6.8800000E-1
NaN	4.1760000E+0	7.3242600E-4	0.0000000E+0	0.0000000E+0	0.0000000E+0	1.1600000E-1	6.8100000E-1
NaN	4.1780000E+0	7.3242600E-4	0.0000000E+0	0.0000000E+0	0.0000000E+0	1.1800000E-1	6.8400000E-1
NaN	4.1800000E+0	7.9346100E-4	0.0000000E+0	0.0000000E+0	0.0000000E+0	1.2800000E-1	8.3100000E-1
NaN	4.1820000E+0	7.9346100E-4	0.0000000E+0	0.0000000E+0	0.0000000E+0	1.1400000E-1	6.8200000E-1
NaN	4.1840000E+0	7.9346100E-4	0.0000000E+0	0.0000000E+0	0.0000000E+0	1.1300000E-1	6.7900000E-1
NaN	4.1860000E+0	7.9346100E-4	0.0000000E+0	0.0000000E+0	0.0000000E+0	1.1800000E-1	6.8400000E-1
NaN	4.1880000E+0	7.9346100E-4	0.0000000E+0	0.0000000E+0	0.0000000E+0	1.1600000E-1	8.2000000E-1
NaN	4.1900000E+0	8.5449600E-4	0.0000000E+0	0.0000000E+0	0.0000000E+0	1.1800000E-1	6.8500000E-1
NaN	4.1920000E+0	8.5449600E-4	0.0000000E+0	0.0000000E+0	0.0000000E+0	1.1800000E-1	6.8400000E-1
NaN	4.1940000E+0	9.1553100E-4	0.0000000E+0	0.0000000E+0	0.0000000E+0	1.2600000E-1	6.9400000E-1
NaN	4.1960000E+0	9.1553100E-4	0.0000000E+0	0.0000000E+0	0.0000000E+0	1.2200000E-1	8.2400000E-1
NaN	4.1980000E+0	9.7657000E-4	5.8207661E-12	0.0000000E+0	0.0000000E+0	1.1600000E-1	6.8200000E-1
NaN	4.2000000E+0	9.7657000E-4	5.8207661E-12	0.0000000E+0	0.0000000E+0	1.1400000E-1	6.8000000E-1
NaN	4.2020000E+0	9.7657000E-4	5.8207661E-12	0.0000000E+0	0.0000000E+0	1.1200000E-1	6.7900000E-1
NaN	4.2040000E+0	9.1553100E-4	0.0000000E+0	0.0000000E+0	0.0000000E+0	1.1600000E-1	8.2000000E-1
NaN	4.2060000E+0	9.1553100E-4	0.0000000E+0	0.0000000E+0	0.0000000E+0	1.1400000E-1	6.8100000E-1
NaN	4.2080000E+0	8.5449600E-4	0.0000000E+0	0.0000000E+0	0.0000000E+0	1.2200000E-1	6.8800000E-1
NaN	4.2100000E+0	8.5449600E-4	0.0000000E+0	0.0000000E+0	0.0000000E+0	1.1600000E-1	6.8400000E-1
NaN	4.2120000E+0	8.0566800E-4	1.2207000E-5	0.0000000E+0	0.0000000E+0	1.1600000E-1	8.1900000E-1
NaN	4.2140000E+0	7.9346100E-4	0.0000000E+0	0.0000000E+0	0.0000000E+0	1.2400000E-1	6.9200000E-1
NaN	4.2160000E+0	7.9346100E-4	0.0000000E+0	0.0000000E+0	0.0000000E+0	1.1900000E-1	6.8600000E-1
NaN	4.2180000E+0	7.9346100E-4	0.0000000E+0	0.0000000E+0	0.0000000E+0	1.1400000E-1	6.8100000E-1
NaN	4.2200000E+0	7.9346100E-4	0.0000000E+0	0.0000000E+0	0.0000000E+0	1.2200000E-1	8.2600000E-1
NaN	4.2220000E+0	7.9346100E-4	0.0000000E+0	0.0000000E+0	0.0000000E+0	1.1300000E-1	6.7900000E-1
NaN	4.2240000E+0	7.9346100E-4	0.0000000E+0	0.0000000E+0	0.0000000E+0	1.1600000E-1	6.8200000E-1
NaN	4.2260000E+0	7.9346100E-4	0.0000000E+0	0.0000000E+0	0.0000000E+0	1.1400000E-1	6.8100000E-1
NaN	4.2280000E+0	7.9346100E-4	0.0000000E+0	0.0000000E+0	0.0000000E+0	1.1500000E-1	8.1800000E-1
NaN	4.2300000E+0	7.9346100E-4	0.0000000E+0	0.0000000E+0	0.0000000E+0	1.1600000E-1	6.8200000E-1
NaN	4.2320000E+0	7.3242600E-4	0.0000000E+0	0.0000000E+0	0.0000000E+0	1.1900000E-1	6.8700000E-1
NaN	4.2340000E+0	7.3242600E-4	0.0000000E+0	0.0000000E+0	0.0000000E+0	1.1500000E-1	6.8200000E-1
NaN	4.2360000E+0	7.3242600E-4	0.0000000E+0	0.0000000E+0	0.0000000E+0	1.1500000E-1	8.1900000E-1
NaN	4.2380000E+0	7.3242600E-4	0.0000000E+0	0.0000000E+0	0.0000000E+0	1.1700000E-1	6.8400000E-1
NaN	4.2400000E+0	7.3242600E-4	0.0000000E+0	0.0000000E+0	0.0000000E+0	1.1800000E-1	6.8500000E-1
NaN	4.2420000E+0	7.3242600E-4	0.0000000E+0	0.0000000E+0	0.0000000E+0	1.2800000E-1	6.9600000E-1
NaN	4.2440000E+0	7.3242600E-4	0.0000000E+0	0.0000000E+0	0.0000000E+0	1.2000000E-1	8.2200000E-1
NaN	4.2460000E+0	7.3242600E-4	0.0000000E+0	0.0000000E+0	0.0000000E+0	1.1600000E-1	6.8300000E-1
NaN	4.2480000E+0	7.3242600E-4	0.0000000E+0	0.0000000E+0	0.0000000E+0	1.2400000E-1	6.9200000E-1
NaN	4.2500000E+0	7.4463300E-4	1.2207000E-5	0.0000000E+0	0.0000000E+0	1.1500000E-1	6.8200000E-1
NaN	4.2520000E+0	7.4463300E-4	1.2207000E-5	0.0000000E+0	0.0000000E+0	1.1600000E-1	8.1900000E-1
NaN	4.2540000E+0	7.3242600E-4	0.0000000E+0	0.0000000E+0	0.0000000E+0	1.1900000E-1	6.8600000E-1
NaN	4.2560000E+0	7.9346100E-4	0.0000000E+0	0.0000000E+0	0.0000000E+0	1.1800000E-1	6.8500000E-1
NaN	4.2580000E+0	7.9346100E-4	0.0000000E+0	0.0000000E+0	0.0000000E+0	1.1600000E-1	6.8300000E-1
NaN	4.2600000E+0	7.9346100E-4	0.0000000E+0	0.0000000E+0	0.0000000E+0	1.1800000E-1	8.2100000E-1
NaN	4.2620000E+0	7.9346100E-4	0.0000000E+0	0.0000000E+0	0.0000000E+0	1.2400000E-1	6.9000000E-1
NaN	4.2640000E+0	7.9346100E-4	0.0000000E+0	0.0000000E+0	0.0000000E+0	1.2100000E-1	6.8800000E-1
NaN	4.2660000E+0	7.9346100E-4	0.0000000E+0	0.0000000E+0	0.0000000E+0	1.1800000E-1	6.8500000E-1
NaN	4.2680000E+0	7.9346100E-4	0.0000000E+0	0.0000000E+0	0.0000000E+0	1.2400000E-1	8.2700000E-1
NaN	4.2700000E+0	7.9346100E-4	0.0000000E+0	0.0000000E+0	0.0000000E+0	1.1500000E-1	6.8200000E-1
NaN	4.2720000E+0	7.9346100E-4	0.0000000E+0	0.0000000E+0	0.0000000E+0	1.1800000E-1	6.8400000E-1
NaN	4.2740000E+0	7.9346100E-4	0.0000000E+0	0.0000000E+0	0.0000000E+0	1.1600000E-1	6.8400000E-1
NaN	4.2760000E+0	7.9346100E-4	0.0000000E+0	0.0000000E+0	0.0000000E+0	1.1800000E-1	8.2100000E-1
NaN	4.2780000E+0	7.9346100E-4	0.0000000E+0	0.0000000E+0	0.0000000E+0	1.1600000E-1	6.8200000E-1
NaN	4.2800000E+0	7.9346100E-4	0.0000000E+0	0.0000000E+0	0.0000000E+0	1.1600000E-1	6.8300000E-1
NaN	4.2820000E+0	7.9346100E-4	0.0000000E+0	0.0000000E+0	0.0000000E+0	1.1800000E-1	6.9100000E-1
NaN	4.2840000E+0	7.9346100E-4	0.0000000E+0	0.0000000E+0	0.0000000E+0	1.1600000E-1	8.2000000E-1
NaN	4.2860000E+0	7.9346100E-4	0.0000000E+0	0.0000000E+0	0.0000000E+0	1.1900000E-1	6.8600000E-1
NaN	4.2880000E+0	7.9346100E-4	0.0000000E+0	0.0000000E+0	0.0000000E+0	1.1600000E-1	6.8300000E-1
NaN	4.2900000E+0	7.9346100E-4	0.0000000E+0	0.0000000E+0	0.0000000E+0	1.2400000E-1	6.9100000E-1
NaN	4.2920000E+0	7.9346100E-4	0.0000000E+0	0.0000000E+0	0.0000000E+0	1.1600000E-1	8.1900000E-1
NaN	4.2940000E+0	7.9346100E-4	0.0000000E+0	0.0000000E+0	0.0000000E+0	1.1200000E-1	6.7800000E-1
NaN	4.2960000E+0	7.9346100E-4	0.0000000E+0	0.0000000E+0	0.0000000E+0	1.1600000E-1	6.8300000E-1
NaN	4.2980000E+0	7.9346100E-4	0.0000000E+0	0.0000000E+0	0.0000000E+0	1.1800000E-1	6.8500000E-1
NaN	4.3000000E+0	7.9346100E-4	0.0000000E+0	0.0000000E+0	0.0000000E+0	1.1600000E-1	8.2000000E-1
NaN	4.3020000E+0	7.9346100E-4	0.0000000E+0	0.0000000E+0	0.0000000E+0	1.1500000E-1	6.8100000E-1
NaN	4.3040000E+0	7.9346100E-4	0.0000000E+0	0.0000000E+0	0.0000000E+0	1.2600000E-1	6.9200000E-1
NaN	4.3060000E+0	7.9346100E-4	0.0000000E+0	0.0000000E+0	0.0000000E+0	1.1600000E-1	6.8200000E-1
NaN	4.3080000E+0	7.9346100E-4	0.0000000E+0	0.0000000E+0	0.0000000E+0	1.1800000E-1	6.8500000E-1
NaN	4.3100000E+0	8.5449600E-4	0.0000000E+0	0.0000000E+0	0.0000000E+0	1.2200000E-1	8.2400000E-1
NaN	4.3120000E+0	8.5449600E-4	0.0000000E+0	0.0000000E+0	0.0000000E+0	1.1800000E-1	6.8500000E-1
NaN	4.3140000E+0	8.5449600E-4	0.0000000E+0	0.0000000E+0	0.0000000E+0	1.1800000E-1	6.8500000E-1
NaN	4.3160000E+0	8.5449600E-4	0.0000000E+0	0.0000000E+0	0.0000000E+0	1.1600000E-1	6.8400000E-1
NaN	4.3180000E+0	8.5449600E-4	0.0000000E+0	0.0000000E+0	0.0000000E+0	1.1500000E-1	8.1800000E-1
NaN	4.3200000E+0	8.5449600E-4	0.0000000E+0	0.0000000E+0	0.0000000E+0	1.1600000E-1	6.8300000E-1
NaN	4.3220000E+0	9.1553100E-4	0.0000000E+0	0.0000000E+0	0.0000000E+0	1.1600000E-1	6.8200000E-1
NaN	4.3240000E+0	9.1553100E-4	0.0000000E+0	0.0000000E+0	0.0000000E+0	1.1800000E-1	6.8500000E-1
NaN	4.3260000E+0	9.1553100E-4	0.0000000E+0	0.0000000E+0	0.0000000E+0	1.1800000E-1	8.2000000E-1
NaN	4.3280000E+0	9.7657000E-4	5.8207661E-12	0.0000000E+0	0.0000000E+0	1.1600000E-1	6.8400000E-1
NaN	4.3300000E+0	1.0376100E-3	5.8207661E-12	0.0000000E+0	0.0000000E+0	1.1600000E-1	6.8300000E-1
NaN	4.3320000E+0	1.0986400E-3	0.0000000E+0	0.0000000E+0	0.0000000E+0	1.3000000E-1	6.9800000E-1
NaN	4.3340000E+0	1.1596800E-3	8.2318063E-12	0.0000000E+0	0.0000000E+0	1.2900000E-1	8.3100000E-1
NaN	4.3360000E+0	1.2207100E-3	0.0000000E+0	0.0000000E+0	0.0000000E+0	1.2600000E-1	6.9300000E-1
NaN	4.3380000E+0	1.2695420E-3	1.2208000E-5	0.0000000E+0	0.0000000E+0	1.3900000E-1	7.0700000E-1
NaN	4.3400000E+0	1.2817500E-3	0.0000000E+0	0.0000000E+0	0.0000000E+0	1.2400000E-1	6.9000000E-1
NaN	4.3420000E+0	1.2817500E-3	0.0000000E+0	0.0000000E+0	0.0000000E+0	1.3000000E-1	8.3200000E-1
NaN	4.3440000E+0	1.2817500E-3	0.0000000E+0	0.0000000E+0	0.0000000E+0	1.3600000E-1	7.0400000E-1
NaN	4.3460000E+0	1.2817500E-3	0.0000000E+0	0.0000000E+0	0.0000000E+0	1.3000000E-1	6.9700000E-1
NaN	4.3480000E+0	1.2817500E-3	0.0000000E+0	0.0000000E+0	0.0000000E+0	1.3400000E-1	7.0100000E-1
NaN	4.3500000E+0	1.2207100E-3	0.0000000E+0	0.0000000E+0	0.0000000E+0	1.3800000E-1	8.4100000E-1
NaN	4.3520000E+0	1.2207100E-3	0.0000000E+0	0.0000000E+0	0.0000000E+0	1.3400000E-1	7.0100000E-1
NaN	4.3540000E+0	1.1596800E-3	8.2318063E-12	0.0000000E+0	0.0000000E+0	1.2800000E-1	6.9600000E-1
NaN	4.3560000E+0	1.1596800E-3	8.2318063E-12	0.0000000E+0	0.0000000E+0	1.2700000E-1	6.9400000E-1
NaN	4.3580000E+0	1.1596800E-3	8.2318063E-12	0.0000000E+0	0.0000000E+0	1.2800000E-1	8.3100000E-1
NaN	4.3600000E+0	1.1596800E-3	8.2318063E-12	0.0000000E+0	0.0000000E+0	1.3200000E-1	6.9800000E-1
NaN	4.3620000E+0	1.2207100E-3	0.0000000E+0	0.0000000E+0	0.0000000E+0	1.2800000E-1	6.9400000E-1
NaN	4.3640000E+0	1.2817500E-3	0.0000000E+0	0.0000000E+0	0.0000000E+0	1.4000000E-1	7.0600000E-1
NaN	4.3660000E+0	1.3427800E-3	8.2318063E-12	6.1035600E-5	0.0000000E+0	1.4200000E-1	8.4400000E-1
NaN	4.3680000E+0	1.4648500E-3	0.0000000E+0	6.1035600E-5	0.0000000E+0	1.4600000E-1	7.1200000E-1
NaN	4.3700000E+0	1.5869200E-3	0.0000000E+0	6.1035600E-5	0.0000000E+0	1.5200000E-1	7.1800000E-1
NaN	4.3720000E+0	1.6967840E-3	1.2206000E-5	6.1035600E-5	0.0000000E+0	1.4000000E-1	7.0700000E-1
NaN	4.3740000E+0	1.8310600E-3	0.0000000E+0	6.1035600E-5	0.0000000E+0	1.4400000E-1	8.4600000E-1
NaN	4.3760000E+0	2.0141800E-3	0.0000000E+0	1.2207100E-4	1.0289758E-12	1.5200000E-1	7.2000000E-1
NaN	4.3780000E+0	2.1972800E-3	0.0000000E+0	1.2207100E-4	1.0289758E-12	1.5000000E-1	7.1800000E-1
NaN	4.3800000E+0	2.2705260E-3	1.2206000E-5	1.2207100E-4	1.0289758E-12	1.5200000E-1	7.1900000E-1
NaN	4.3820000E+0	2.3193500E-3	1.6463613E-11	1.2207100E-4	1.0289758E-12	1.4800000E-1	8.5100000E-1
NaN	4.3840000E+0	2.3193500E-3	1.6463613E-11	1.2207100E-4	1.0289758E-12	1.5000000E-1	7.1700000E-1
NaN	4.3860000E+0	2.3193500E-3	1.6463613E-11	1.2207100E-4	1.0289758E-12	1.4800000E-1	7.1400000E-1
NaN	4.3880000E+0	2.3193500E-3	1.6463613E-11	1.2207100E-4	1.0289758E-12	1.4700000E-1	7.1500000E-1
NaN	4.3900000E+0	2.3193500E-3	1.6463613E-11	1.2207100E-4	1.0289758E-12	1.4500000E-1	8.4700000E-1
NaN	4.3920000E+0	2.3193500E-3	1.6463613E-11	1.2207100E-4	1.0289758E-12	1.5100000E-1	7.1800000E-1
NaN	4.3940000E+0	2.4414200E-3	0.0000000E+0	1.2207100E-4	1.0289758E-12	1.4600000E-1	7.1400000E-1
NaN	4.3960000E+0	2.6245300E-3	1.6463613E-11	1.8310600E-4	1.4551915E-12	1.5200000E-1	7.1900000E-1
NaN	4.3980000E+0	2.8076300E-3	0.0000000E+0	1.8310600E-4	1.4551915E-12	1.6000000E-1	8.6200000E-1
NaN	4.4000000E+0	2.9907400E-3	0.0000000E+0	1.8310600E-4	1.4551915E-12	1.4600000E-1	7.1300000E-1
NaN	4.4020000E+0	3.1128100E-3	0.0000000E+0	1.8310600E-4	1.4551915E-12	1.4500000E-1	7.1100000E-1
NaN	4.4040000E+0	3.1738400E-3	0.0000000E+0	1.8310600E-4	1.4551915E-12	1.5000000E-1	7.1600000E-1
NaN	4.4060000E+0	3.2348800E-3	0.0000000E+0	1.3427800E-4	1.2207000E-5	1.5300000E-1	8.5500000E-1
NaN	4.4080000E+0	3.2959100E-3	2.3283064E-11	1.2207100E-4	1.0289758E-12	1.4700000E-1	7.1300000E-1
NaN	4.4100000E+0	3.4668120E-3	1.2208000E-5	1.2207100E-4	1.0289758E-12	1.6000000E-1	7.2600000E-1
NaN	4.4120000E+0	3.8818600E-3	1.4954135E-5	6.1035600E-5	0.0000000E+0	1.4800000E-1	7.1600000E-1
NaN	4.4140000E+0	4.7851860E-3	1.4951685E-5	6.1035600E-5	0.0000000E+0	1.4600000E-1	8.4900000E-1
NaN	4.4160000E+0	5.8960260E-3	3.1122846E-5	1.2207100E-4	1.0289758E-12	1.6000000E-1	7.2600000E-1
NaN	4.4180000E+0	7.4341100E-3	3.5588529E-5	1.2207100E-4	1.0289758E-12	1.4600000E-1	7.1300000E-1
NaN	4.4200000E+0	9.3140220E-3	3.6620333E-5	1.2207100E-4	1.0289758E-12	1.4400000E-1	7.1000000E-1
NaN	4.4220000E+0	1.1816460E-2	3.1125594E-5	1.8310600E-4	1.4551915E-12	1.4600000E-1	8.4800000E-1
NaN	4.4240000E+0	1.4221260E-2	4.3154729E-5	1.8310600E-4	1.4551915E-12	1.4600000E-1	7.1400000E-1
NaN	4.4260000E+0	1.7248660E-2	5.6591718E-5	1.8310600E-4	1.4551915E-12	1.4600000E-1	7.1200000E-1
NaN	4.4280000E+0	2.0385860E-2	5.7890764E-5	2.4414200E-4	2.0579516E-12	1.5700000E-1	7.2300000E-1
NaN	4.4300000E+0	2.3620740E-2	4.3154729E-5	2.4414200E-4	2.0579516E-12	1.4200000E-1	8.4500000E-1
NaN	4.4320000E+0	2.6110960E-2	5.2495110E-5	3.0517800E-4	0.0000000E+0	1.4800000E-1	7.1400000E-1
NaN	4.4340000E+0	2.8747680E-2	6.1035001E-5	3.5400600E-4	1.2207000E-5	1.4800000E-1	7.2100000E-1
NaN	4.4360000E+0	3.1469960E-2	5.6591718E-5	3.6621300E-4	0.0000000E+0	1.4300000E-1	7.1000000E-1
NaN	4.4380000E+0	3.5425040E-2	6.5737079E-5	3.6621300E-4	0.0000000E+0	1.4200000E-1	8.4400000E-1
NaN	4.4400000E+0	4.0967020E-2	1.3004666E-4	4.8828500E-4	2.9103830E-12	1.4600000E-1	7.1300000E-1
NaN	4.4420000E+0	5.0439680E-2	2.1196509E-4	7.3242600E-4	0.0000000E+0	1.4500000E-1	7.1100000E-1
NaN	4.4440000E+0	6.4697740E-2	3.0760790E-4	1.2085040E-3	1.2206000E-5	1.4000000E-1	7.0600000E-1
NaN	4.4460000E+0	8.6755840E-2	2.9437208E-4	1.9653480E-3	1.2208000E-5	1.4200000E-1	8.4700000E-1
NaN	4.4480000E+0	1.0935120E-1	4.9788005E-4	2.7588040E-3	2.2836939E-5	1.4300000E-1	7.1000000E-1
NaN	4.4500000E+0	1.3877040E-1	5.6689299E-4	3.8330240E-3	2.2840680E-5	1.3400000E-1	7.0000000E-1
NaN	4.4520000E+0	1.6616300E-1	5.5481592E-4	4.9682920E-3	3.1122258E-5	1.4600000E-1	7.1300000E-1
NaN	4.4540000E+0	1.8914880E-1	2.6813176E-4	5.8716080E-3	1.2208000E-5	1.3200000E-1	8.3500000E-1
NaN	4.4560000E+0	1.9819420E-1	1.2707927E-4	6.1645800E-3	3.2927225E-11	1.3600000E-1	7.0200000E-1
NaN	4.4580000E+0	1.9542320E-1	1.3019501E-4	6.1157560E-3	1.2206000E-5	1.4400000E-1	7.1200000E-1
NaN	4.4600000E+0	1.7935900E-1	3.6346128E-4	5.5053980E-3	1.2208000E-5	1.3800000E-1	7.0500000E-1
NaN	4.4620000E+0	1.5239340E-1	3.7594010E-4	4.4189760E-3	1.4951685E-5	1.3200000E-1	8.3400000E-1
NaN	4.4640000E+0	1.2559880E-1	5.7698894E-4	3.4790180E-3	1.9300962E-5	1.4800000E-1	7.1600000E-1
NaN	4.4660000E+0	9.7876460E-2	5.3649444E-4	2.4414220E-3	1.9300962E-5	1.3800000E-1	7.0400000E-1
NaN	4.4680000E+0	7.3828600E-2	4.5453849E-4	1.5625080E-3	1.4949236E-5	1.4400000E-1	7.1100000E-1
NaN	4.4700000E+0	5.4736560E-2	2.2951456E-4	8.9111700E-4	1.4950461E-5	1.4400000E-1	8.4800000E-1
NaN	4.4720000E+0	4.3567120E-2	2.2950738E-4	5.1269900E-4	1.4950461E-5	1.4800000E-1	7.1500000E-1
NaN	4.4740000E+0	3.5730220E-2	1.3034605E-4	2.4414200E-4	2.0579516E-12	1.4100000E-1	7.0900000E-1
NaN	4.4760000E+0	3.1176920E-2	9.1373948E-5	1.4648500E-4	1.4950461E-5	1.5300000E-1	7.1900000E-1
NaN	4.4780000E+0	2.8454720E-2	3.5584244E-5	1.2207100E-4	1.0289758E-12	1.4800000E-1	8.5100000E-1
NaN	4.4800000E+0	2.6489360E-2	4.3154729E-5	1.2207100E-4	1.0289758E-12	1.5200000E-1	7.1900000E-1
NaN	4.4820000E+0	2.4243280E-2	5.2510222E-5	1.2207100E-4	1.0289758E-12	1.5600000E-1	7.2200000E-1
NaN	4.4840000E+0	2.1557740E-2	5.2495110E-5	6.1035600E-5	0.0000000E+0	1.4200000E-1	7.0700000E-1
NaN	4.4860000E+0	1.8127560E-2	4.3154729E-5	6.1035600E-5	0.0000000E+0	1.4000000E-1	8.4300000E-1
NaN	4.4880000E+0	1.5051320E-2	6.5733366E-5	6.1035600E-5	0.0000000E+0	1.4400000E-1	7.1000000E-1
NaN	4.4900000E+0	1.2121640E-2	4.9580022E-5	0.0000000E+0	0.0000000E+0	1.2300000E-1	6.8900000E-1
NaN	4.4920000E+0	9.7778880E-3	4.0486340E-5	6.1035600E-5	0.0000000E+0	1.4600000E-1	7.1400000E-1
NaN	4.4940000E+0	7.7148780E-3	3.1126965E-5	6.1035600E-5	0.0000000E+0	1.4200000E-1	8.4400000E-1
NaN	4.4960000E+0	6.2622380E-3	3.1122258E-5	6.1035600E-5	0.0000000E+0	1.4400000E-1	7.1000000E-1
NaN	4.4980000E+0	4.9682920E-3	3.1122258E-5	0.0000000E+0	0.0000000E+0	1.2400000E-1	6.9200000E-1
NaN	4.5000000E+0	3.9795200E-3	2.2837473E-5	0.0000000E+0	0.0000000E+0	1.2800000E-1	6.9400000E-1
NaN	4.5020000E+0	3.2714980E-3	1.4949236E-5	0.0000000E+0	0.0000000E+0	1.2600000E-1	8.2900000E-1
NaN	4.5040000E+0	2.9541160E-3	1.4951685E-5	0.0000000E+0	0.0000000E+0	1.2700000E-1	6.9400000E-1
NaN	4.5060000E+0	2.8076300E-3	0.0000000E+0	3.6621360E-5	1.4950608E-5	1.3800000E-1	7.0400000E-1
NaN	4.5080000E+0	2.8076300E-3	0.0000000E+0	6.1035600E-5	0.0000000E+0	1.4200000E-1	7.1000000E-1
NaN	4.5100000E+0	2.9297000E-3	0.0000000E+0	6.1035600E-5	0.0000000E+0	1.4300000E-1	8.4600000E-1
NaN	4.5120000E+0	2.9297000E-3	0.0000000E+0	1.2207100E-4	1.0289758E-12	1.5400000E-1	7.2000000E-1
NaN	4.5140000E+0	2.9297000E-3	0.0000000E+0	1.2207100E-4	1.0289758E-12	1.4400000E-1	7.1100000E-1
NaN	4.5160000E+0	2.8442540E-3	1.4951685E-5	1.2207100E-4	1.0289758E-12	1.4800000E-1	7.1400000E-1
NaN	4.5180000E+0	2.7466000E-3	0.0000000E+0	1.2207100E-4	1.0289758E-12	1.4600000E-1	8.4700000E-1
NaN	4.5200000E+0	2.6245300E-3	1.6463613E-11	1.2207100E-4	1.0289758E-12	1.4600000E-1	7.1400000E-1
NaN	4.5220000E+0	2.5634900E-3	0.0000000E+0	1.2207100E-4	1.0289758E-12	1.5200000E-1	7.1900000E-1
NaN	4.5240000E+0	2.5634900E-3	0.0000000E+0	1.2207100E-4	1.0289758E-12	1.4800000E-1	7.1500000E-1
NaN	4.5260000E+0	2.5024600E-3	0.0000000E+0	1.2207100E-4	1.0289758E-12	1.4900000E-1	8.5100000E-1
NaN	4.5280000E+0	2.5634900E-3	0.0000000E+0	1.2207100E-4	1.0289758E-12	1.4600000E-1	7.1200000E-1
NaN	4.5300000E+0	2.5634900E-3	0.0000000E+0	1.2207100E-4	1.0289758E-12	1.5200000E-1	7.1800000E-1
NaN	4.5320000E+0	2.5634900E-3	0.0000000E+0	1.2207100E-4	1.0289758E-12	1.5500000E-1	7.2300000E-1
NaN	4.5340000E+0	2.5634900E-3	0.0000000E+0	1.2207100E-4	1.0289758E-12	1.4600000E-1	8.4900000E-1
NaN	4.5360000E+0	2.4414200E-3	0.0000000E+0	1.2207100E-4	1.0289758E-12	1.5400000E-1	7.2200000E-1
NaN	4.5380000E+0	2.3803900E-3	1.6463613E-11	6.1035600E-5	0.0000000E+0	1.4300000E-1	7.0900000E-1
NaN	4.5400000E+0	2.1972800E-3	0.0000000E+0	6.1035600E-5	0.0000000E+0	1.4000000E-1	7.0700000E-1
NaN	4.5420000E+0	2.0141800E-3	0.0000000E+0	6.1035600E-5	0.0000000E+0	1.4200000E-1	8.4600000E-1
NaN	4.5440000E+0	1.8921000E-3	0.0000000E+0	6.1035600E-5	0.0000000E+0	1.4100000E-1	7.0800000E-1
NaN	4.5460000E+0	1.7089900E-3	0.0000000E+0	6.1035600E-5	0.0000000E+0	1.4800000E-1	7.1400000E-1
NaN	4.5480000E+0	1.5869200E-3	0.0000000E+0	0.0000000E+0	0.0000000E+0	1.2800000E-1	6.9500000E-1
NaN	4.5500000E+0	1.4526440E-3	1.2206000E-5	0.0000000E+0	0.0000000E+0	1.2900000E-1	8.3100000E-1
NaN	4.5520000E+0	1.2817500E-3	0.0000000E+0	0.0000000E+0	0.0000000E+0	1.3000000E-1	6.9600000E-1
NaN	4.5540000E+0	1.2207100E-3	0.0000000E+0	0.0000000E+0	0.0000000E+0	1.3400000E-1	7.0100000E-1
NaN	4.5560000E+0	1.1596800E-3	8.2318063E-12	0.0000000E+0	0.0000000E+0	1.3400000E-1	7.0100000E-1
NaN	4.5580000E+0	1.1596800E-3	8.2318063E-12	0.0000000E+0	0.0000000E+0	1.2200000E-1	8.2300000E-1
NaN	4.5600000E+0	1.1596800E-3	8.2318063E-12	0.0000000E+0	0.0000000E+0	1.2800000E-1	6.9500000E-1
NaN	4.5620000E+0	1.2207100E-3	0.0000000E+0	0.0000000E+0	0.0000000E+0	1.2800000E-1	6.9500000E-1
NaN	4.5640000E+0	1.2207100E-3	0.0000000E+0	0.0000000E+0	0.0000000E+0	1.2800000E-1	6.9600000E-1
NaN	4.5660000E+0	1.2817500E-3	0.0000000E+0	0.0000000E+0	0.0000000E+0	1.2800000E-1	8.3100000E-1
NaN	4.5680000E+0	1.2817500E-3	0.0000000E+0	0.0000000E+0	0.0000000E+0	1.3000000E-1	6.9700000E-1
NaN	4.5700000E+0	1.3427800E-3	8.2318063E-12	0.0000000E+0	0.0000000E+0	1.2200000E-1	6.8900000E-1
NaN	4.5720000E+0	1.4038200E-3	0.0000000E+0	0.0000000E+0	0.0000000E+0	1.3000000E-1	6.9700000E-1
NaN	4.5740000E+0	1.4038200E-3	0.0000000E+0	0.0000000E+0	0.0000000E+0	1.3000000E-1	6.9600000E-1
NaN	4.5760000E+0	1.4038200E-3	0.0000000E+0	0.0000000E+0	0.0000000E+0	1.2800000E-1	8.3200000E-1
NaN	4.5780000E+0	1.3427800E-3	8.2318063E-12	0.0000000E+0	0.0000000E+0	1.2400000E-1	6.9000000E-1
NaN	4.5800000E+0	1.3427800E-3	8.2318063E-12	0.0000000E+0	0.0000000E+0	1.3000000E-1	6.9800000E-1
NaN	4.5820000E+0	1.2817500E-3	0.0000000E+0	0.0000000E+0	0.0000000E+0	1.2900000E-1	6.9600000E-1
NaN	4.5840000E+0	1.2207100E-3	0.0000000E+0	0.0000000E+0	0.0000000E+0	1.2200000E-1	8.2500000E-1
NaN	4.5860000E+0	1.1596800E-3	8.2318063E-12	0.0000000E+0	0.0000000E+0	1.1600000E-1	6.8400000E-1
NaN	4.5880000E+0	1.0986400E-3	0.0000000E+0	0.0000000E+0	0.0000000E+0	1.1200000E-1	6.7900000E-1
NaN	4.5900000E+0	9.7657000E-4	5.8207661E-12	0.0000000E+0	0.0000000E+0	1.2400000E-1	6.9000000E-1
NaN	4.5920000E+0	9.7657000E-4	5.8207661E-12	0.0000000E+0	0.0000000E+0	1.2000000E-1	8.2400000E-1
NaN	4.5940000E+0	9.1553100E-4	0.0000000E+0	0.0000000E+0	0.0000000E+0	1.1500000E-1	6.8100000E-1
NaN	4.5960000E+0	9.1553100E-4	0.0000000E+0	0.0000000E+0	0.0000000E+0	1.2000000E-1	6.8700000E-1
NaN	4.5980000E+0	9.1553100E-4	0.0000000E+0	0.0000000E+0	0.0000000E+0	1.1500000E-1	6.8200000E-1
NaN	4.6000000E+0	8.7891000E-4	1.4950461E-5	0.0000000E+0	0.0000000E+0	1.1400000E-1	8.1700000E-1
NaN	4.6020000E+0	8.5449600E-4	0.0000000E+0	0.0000000E+0	0.0000000E+0	1.1600000E-1	6.8300000E-1
NaN	4.6040000E+0	8.5449600E-4	0.0000000E+0	0.0000000E+0	0.0000000E+0	1.1300000E-1	6.7900000E-1
NaN	4.6060000E+0	8.5449600E-4	0.0000000E+0	0.0000000E+0	0.0000000E+0	1.1400000E-1	6.8000000E-1
NaN	4.6080000E+0	8.5449600E-4	0.0000000E+0	0.0000000E+0	0.0000000E+0	1.1800000E-1	8.2100000E-1
NaN	4.6100000E+0	8.5449600E-4	0.0000000E+0	0.0000000E+0	0.0000000E+0	1.2600000E-1	6.9200000E-1
NaN	4.6120000E+0	7.9346100E-4	0.0000000E+0	0.0000000E+0	0.0000000E+0	1.1700000E-1	6.8500000E-1
NaN	4.6140000E+0	7.9346100E-4	0.0000000E+0	0.0000000E+0	0.0000000E+0	1.2200000E-1	6.8900000E-1
NaN	4.6160000E+0	7.9346100E-4	0.0000000E+0	0.0000000E+0	0.0000000E+0	1.2400000E-1	8.2600000E-1
NaN	4.6180000E+0	7.9346100E-4	0.0000000E+0	0.0000000E+0	0.0000000E+0	1.1200000E-1	6.7900000E-1
NaN	4.6200000E+0	7.9346100E-4	0.0000000E+0	0.0000000E+0	0.0000000E+0	1.1700000E-1	6.8400000E-1
NaN	4.6220000E+0	7.9346100E-4	0.0000000E+0	0.0000000E+0	0.0000000E+0	1.1400000E-1	6.8100000E-1
NaN	4.6240000E+0	7.9346100E-4	0.0000000E+0	0.0000000E+0	0.0000000E+0	1.1800000E-1	8.2200000E-1
NaN	4.6260000E+0	7.9346100E-4	0.0000000E+0	0.0000000E+0	0.0000000E+0	1.1600000E-1	6.8300000E-1
NaN	4.6280000E+0	7.9346100E-4	0.0000000E+0	0.0000000E+0	0.0000000E+0	1.1700000E-1	6.8500000E-1
NaN	4.6300000E+0	7.9346100E-4	0.0000000E+0	0.0000000E+0	0.0000000E+0	1.1400000E-1	6.8100000E-1
NaN	4.6320000E+0	7.9346100E-4	0.0000000E+0	0.0000000E+0	0.0000000E+0	1.1700000E-1	8.2000000E-1
NaN	4.6340000E+0	7.9346100E-4	0.0000000E+0	0.0000000E+0	0.0000000E+0	1.1800000E-1	6.8600000E-1
NaN	4.6360000E+0	7.9346100E-4	0.0000000E+0	0.0000000E+0	0.0000000E+0	1.1300000E-1	6.8000000E-1
NaN	4.6380000E+0	7.9346100E-4	0.0000000E+0	0.0000000E+0	0.0000000E+0	1.2600000E-1	6.9200000E-1
NaN	4.6400000E+0	7.9346100E-4	0.0000000E+0	0.0000000E+0	0.0000000E+0	1.1600000E-1	8.2000000E-1
NaN	4.6420000E+0	7.9346100E-4	0.0000000E+0	0.0000000E+0	0.0000000E+0	1.1800000E-1	6.8500000E-1
NaN	4.6440000E+0	7.9346100E-4	0.0000000E+0	0.0000000E+0	0.0000000E+0	1.2000000E-1	6.8600000E-1
NaN	4.6460000E+0	7.9346100E-4	0.0000000E+0	0.0000000E+0	0.0000000E+0	1.1800000E-1	6.8400000E-1
NaN	4.6480000E+0	7.9346100E-4	0.0000000E+0	0.0000000E+0	0.0000000E+0	1.2000000E-1	8.2300000E-1
NaN	4.6500000E+0	7.9346100E-4	0.0000000E+0	0.0000000E+0	0.0000000E+0	1.1800000E-1	6.8500000E-1
NaN	4.6520000E+0	7.9346100E-4	0.0000000E+0	0.0000000E+0	0.0000000E+0	1.1300000E-1	6.7900000E-1
NaN	4.6540000E+0	7.9346100E-4	0.0000000E+0	0.0000000E+0	0.0000000E+0	1.2000000E-1	6.8700000E-1
NaN	4.6560000E+0	7.9346100E-4	0.0000000E+0	0.0000000E+0	0.0000000E+0	1.1800000E-1	8.2100000E-1
NaN	4.6580000E+0	7.3242600E-4	0.0000000E+0	0.0000000E+0	0.0000000E+0	1.2400000E-1	6.9100000E-1
NaN	4.6600000E+0	7.3242600E-4	0.0000000E+0	0.0000000E+0	0.0000000E+0	1.1800000E-1	6.8400000E-1
NaN	4.6620000E+0	7.3242600E-4	0.0000000E+0	0.0000000E+0	0.0000000E+0	1.1600000E-1	6.8300000E-1
NaN	4.6640000E+0	7.3242600E-4	0.0000000E+0	0.0000000E+0	0.0000000E+0	1.2800000E-1	8.3100000E-1
NaN	4.6660000E+0	7.3242600E-4	0.0000000E+0	0.0000000E+0	0.0000000E+0	1.1800000E-1	6.8500000E-1
NaN	4.6680000E+0	7.3242600E-4	0.0000000E+0	0.0000000E+0	0.0000000E+0	1.1700000E-1	6.8300000E-1
NaN	4.6700000E+0	7.3242600E-4	0.0000000E+0	0.0000000E+0	0.0000000E+0	1.1600000E-1	6.8300000E-1
NaN	4.6720000E+0	7.3242600E-4	0.0000000E+0	0.0000000E+0	0.0000000E+0	1.1400000E-1	8.1800000E-1
NaN	4.6740000E+0	7.3242600E-4	0.0000000E+0	0.0000000E+0	0.0000000E+0	1.1800000E-1	6.8600000E-1
NaN	4.6760000E+0	7.3242600E-4	0.0000000E+0	0.0000000E+0	0.0000000E+0	1.1600000E-1	6.8100000E-1
NaN	4.6780000E+0	7.3242600E-4	0.0000000E+0	0.0000000E+0	0.0000000E+0	1.2400000E-1	6.9000000E-1
NaN	4.6800000E+0	7.3242600E-4	0.0000000E+0	0.0000000E+0	0.0000000E+0	1.1600000E-1	8.1900000E-1
NaN	4.6820000E+0	7.3242600E-4	0.0000000E+0	0.0000000E+0	0.0000000E+0	1.2000000E-1	6.8800000E-1
NaN	4.6840000E+0	7.3242600E-4	0.0000000E+0	0.0000000E+0	0.0000000E+0	1.1700000E-1	6.8300000E-1
NaN	4.6860000E+0	7.3242600E-4	0.0000000E+0	0.0000000E+0	0.0000000E+0	1.1600000E-1	6.8300000E-1
NaN	4.6880000E+0	7.3242600E-4	0.0000000E+0	0.0000000E+0	0.0000000E+0	1.1600000E-1	8.2000000E-1
NaN	4.6900000E+0	7.3242600E-4	0.0000000E+0	0.0000000E+0	0.0000000E+0	1.1600000E-1	6.8200000E-1
NaN	4.6920000E+0	7.3242600E-4	0.0000000E+0	0.0000000E+0	0.0000000E+0	1.2200000E-1	6.8800000E-1
NaN	4.6940000E+0	7.3242600E-4	0.0000000E+0	0.0000000E+0	0.0000000E+0	1.1800000E-1	6.8600000E-1
NaN	4.6960000E+0	7.3242600E-4	0.0000000E+0	0.0000000E+0	0.0000000E+0	1.1600000E-1	8.1900000E-1
NaN	4.6980000E+0	7.3242600E-4	0.0000000E+0	0.0000000E+0	0.0000000E+0	1.1900000E-1	6.8500000E-1
NaN	4.7000000E+0	7.3242600E-4	0.0000000E+0	0.0000000E+0	0.0000000E+0	1.1300000E-1	6.7900000E-1
NaN	4.7020000E+0	7.3242600E-4	0.0000000E+0	0.0000000E+0	0.0000000E+0	1.1600000E-1	6.8300000E-1
NaN	4.7040000E+0	7.3242600E-4	0.0000000E+0	0.0000000E+0	0.0000000E+0	1.1600000E-1	8.2000000E-1
NaN	4.7060000E+0	7.3242600E-4	0.0000000E+0	0.0000000E+0	0.0000000E+0	1.1400000E-1	6.8100000E-1
NaN	4.7080000E+0	7.3242600E-4	0.0000000E+0	0.0000000E+0	0.0000000E+0	1.1800000E-1	6.8400000E-1
NaN	4.7100000E+0	7.3242600E-4	0.0000000E+0	0.0000000E+0	0.0000000E+0	1.1800000E-1	6.8500000E-1
NaN	4.7120000E+0	7.3242600E-4	0.0000000E+0	0.0000000E+0	0.0000000E+0	1.2400000E-1	8.2600000E-1
NaN	4.7140000E+0	7.3242600E-4	0.0000000E+0	0.0000000E+0	0.0000000E+0	1.2000000E-1	6.8800000E-1
NaN	4.7160000E+0	7.3242600E-4	0.0000000E+0	0.0000000E+0	0.0000000E+0	1.1500000E-1	6.8100000E-1
NaN	4.7180000E+0	7.3242600E-4	0.0000000E+0	0.0000000E+0	0.0000000E+0	1.2200000E-1	6.8900000E-1
NaN	4.7200000E+0	7.3242600E-4	0.0000000E+0	0.0000000E+0	0.0000000E+0	1.1600000E-1	8.1900000E-1
NaN	4.7220000E+0	7.3242600E-4	0.0000000E+0	0.0000000E+0	0.0000000E+0	1.1700000E-1	6.8300000E-1
NaN	4.7240000E+0	7.3242600E-4	0.0000000E+0	0.0000000E+0	0.0000000E+0	1.1600000E-1	6.8100000E-1
NaN	4.7260000E+0	7.3242600E-4	0.0000000E+0	0.0000000E+0	0.0000000E+0	1.2000000E-1	6.8700000E-1
NaN	4.7280000E+0	7.3242600E-4	0.0000000E+0	0.0000000E+0	0.0000000E+0	1.1900000E-1	8.2100000E-1
NaN	4.7300000E+0	7.3242600E-4	0.0000000E+0	0.0000000E+0	0.0000000E+0	1.1800000E-1	6.8600000E-1
NaN	4.7320000E+0	7.3242600E-4	0.0000000E+0	0.0000000E+0	0.0000000E+0	1.1500000E-1	6.8200000E-1
NaN	4.7340000E+0	7.3242600E-4	0.0000000E+0	0.0000000E+0	0.0000000E+0	1.1600000E-1	6.8300000E-1
NaN	4.7360000E+0	7.3242600E-4	0.0000000E+0	0.0000000E+0	0.0000000E+0	1.1200000E-1	8.1500000E-1
NaN	4.7380000E+0	7.3242600E-4	0.0000000E+0	0.0000000E+0	0.0000000E+0	1.1800000E-1	6.8500000E-1
NaN	4.7400000E+0	7.3242600E-4	0.0000000E+0	0.0000000E+0	0.0000000E+0	1.2200000E-1	6.8700000E-1
NaN	4.7420000E+0	7.3242600E-4	0.0000000E+0	0.0000000E+0	0.0000000E+0	1.2000000E-1	6.8700000E-1
NaN	4.7440000E+0	7.3242600E-4	0.0000000E+0	0.0000000E+0	0.0000000E+0	1.2000000E-1	8.2200000E-1
NaN	4.7460000E+0	7.3242600E-4	0.0000000E+0	0.0000000E+0	0.0000000E+0	1.1600000E-1	6.8300000E-1
NaN	4.7480000E+0	7.3242600E-4	0.0000000E+0	0.0000000E+0	0.0000000E+0	1.1700000E-1	6.8500000E-1
NaN	4.7500000E+0	7.3242600E-4	0.0000000E+0	0.0000000E+0	0.0000000E+0	1.1400000E-1	6.8000000E-1
NaN	4.7520000E+0	7.3242600E-4	0.0000000E+0	0.0000000E+0	0.0000000E+0	1.1600000E-1	8.2000000E-1
NaN	4.7540000E+0	7.3242600E-4	0.0000000E+0	0.0000000E+0	0.0000000E+0	1.2000000E-1	6.8700000E-1
NaN	4.7560000E+0	7.3242600E-4	0.0000000E+0	0.0000000E+0	0.0000000E+0	1.1600000E-1	6.8200000E-1
NaN	4.7580000E+0	7.3242600E-4	0.0000000E+0	0.0000000E+0	0.0000000E+0	1.1600000E-1	6.8400000E-1
NaN	4.7600000E+0	7.3242600E-4	0.0000000E+0	0.0000000E+0	0.0000000E+0	1.2000000E-1	8.2200000E-1
NaN	4.7620000E+0	7.3242600E-4	0.0000000E+0	0.0000000E+0	0.0000000E+0	1.1600000E-1	6.8400000E-1
NaN	4.7640000E+0	7.3242600E-4	0.0000000E+0	0.0000000E+0	0.0000000E+0	1.1300000E-1	6.8000000E-1
NaN	4.7660000E+0	7.3242600E-4	0.0000000E+0	0.0000000E+0	0.0000000E+0	1.1800000E-1	6.8500000E-1
NaN	4.7680000E+0	7.3242600E-4	0.0000000E+0	0.0000000E+0	0.0000000E+0	1.1600000E-1	8.1900000E-1
NaN	4.7700000E+0	7.3242600E-4	0.0000000E+0	0.0000000E+0	0.0000000E+0	1.1600000E-1	6.8300000E-1
NaN	4.7720000E+0	7.3242600E-4	0.0000000E+0	0.0000000E+0	0.0000000E+0	1.1800000E-1	6.8400000E-1
NaN	4.7740000E+0	7.3242600E-4	0.0000000E+0	0.0000000E+0	0.0000000E+0	1.2400000E-1	6.9100000E-1
NaN	4.7760000E+0	7.3242600E-4	0.0000000E+0	0.0000000E+0	0.0000000E+0	1.1700000E-1	8.2000000E-1
NaN	4.7780000E+0	7.3242600E-4	0.0000000E+0	0.0000000E+0	0.0000000E+0	1.1400000E-1	6.8100000E-1
NaN	4.7800000E+0	7.3242600E-4	0.0000000E+0	0.0000000E+0	0.0000000E+0	1.1700000E-1	6.8300000E-1
NaN	4.7820000E+0	7.3242600E-4	0.0000000E+0	0.0000000E+0	0.0000000E+0	1.1200000E-1	6.7900000E-1
NaN	4.7840000E+0	7.3242600E-4	0.0000000E+0	0.0000000E+0	0.0000000E+0	1.1600000E-1	8.2000000E-1
NaN	4.7860000E+0	7.3242600E-4	0.0000000E+0	0.0000000E+0	0.0000000E+0	1.1400000E-1	6.8000000E-1
NaN	4.7880000E+0	7.3242600E-4	0.0000000E+0	0.0000000E+0	0.0000000E+0	1.2600000E-1	6.9100000E-1
NaN	4.7900000E+0	7.3242600E-4	0.0000000E+0	0.0000000E+0	0.0000000E+0	1.1800000E-1	6.8600000E-1
NaN	4.7920000E+0	7.3242600E-4	0.0000000E+0	0.0000000E+0	0.0000000E+0	1.1400000E-1	8.1700000E-1
NaN	4.7940000E+0	7.3242600E-4	0.0000000E+0	0.0000000E+0	0.0000000E+0	1.2200000E-1	6.8800000E-1
NaN	4.7960000E+0	7.3242600E-4	0.0000000E+0	0.0000000E+0	0.0000000E+0	1.1700000E-1	6.8400000E-1
NaN	4.7980000E+0	7.3242600E-4	0.0000000E+0	0.0000000E+0	0.0000000E+0	1.1800000E-1	6.8500000E-1
NaN	4.8000000E+0	7.3242600E-4	0.0000000E+0	0.0000000E+0	0.0000000E+0	1.1400000E-1	8.1800000E-1
