# INFO:
#
#LockIn-Datenpunkte für Mittelwert: 5
#LockIn1 SR830 Sensitivity: 1.000000E+0V
#Wait time:    aussen: 2.000 s    1.innen: 1.000 s    innen: 0.500 s
#Zaehler	SM XPS1	CHX	CHXErr	CHY	CHYErr	MessZeit(s)	ZeitproPunkt(s)
NaN	4.1000000E+0	7.9346100E-4	0.0000000E+0	0.0000000E+0	0.0000000E+0	2.5900000E-1	1.9220000E+0
NaN	4.1020000E+0	7.9346100E-4	0.0000000E+0	0.0000000E+0	0.0000000E+0	1.1900000E-1	6.8500000E-1
NaN	4.1040000E+0	7.9346100E-4	0.0000000E+0	0.0000000E+0	0.0000000E+0	1.2400000E-1	6.9100000E-1
NaN	4.1060000E+0	7.9346100E-4	0.0000000E+0	0.0000000E+0	0.0000000E+0	1.1500000E-1	6.8200000E-1
NaN	4.1080000E+0	7.9346100E-4	0.0000000E+0	0.0000000E+0	0.0000000E+0	1.1100000E-1	8.3100000E-1
NaN	4.1100000E+0	7.9346100E-4	0.0000000E+0	0.0000000E+0	0.0000000E+0	1.1800000E-1	6.8500000E-1
NaN	4.1120000E+0	7.9346100E-4	0.0000000E+0	0.0000000E+0	0.0000000E+0	1.1700000E-1	6.8300000E-1
NaN	4.1140000E+0	7.9346100E-4	0.0000000E+0	0.0000000E+0	0.0000000E+0	1.1800000E-1	6.8400000E-1
NaN	4.1160000E+0	7.9346100E-4	0.0000000E+0	0.0000000E+0	0.0000000E+0	1.2000000E-1	8.2200000E-1
NaN	4.1180000E+0	7.9346100E-4	0.0000000E+0	0.0000000E+0	0.0000000E+0	1.2700000E-1	6.9500000E-1
NaN	4.1200000E+0	7.9346100E-4	0.0000000E+0	0.0000000E+0	0.0000000E+0	1.1600000E-1	6.8200000E-1
NaN	4.1220000E+0	7.9346100E-4	0.0000000E+0	0.0000000E+0	0.0000000E+0	1.2000000E-1	6.8700000E-1
NaN	4.1240000E+0	7.9346100E-4	0.0000000E+0	0.0000000E+0	0.0000000E+0	1.1600000E-1	8.1800000E-1
NaN	4.1260000E+0	7.9346100E-4	0.0000000E+0	0.0000000E+0	0.0000000E+0	1.1600000E-1	6.8200000E-1
NaN	4.1280000E+0	7.9346100E-4	0.0000000E+0	0.0000000E+0	0.0000000E+0	1.1300000E-1	6.7900000E-1
NaN	4.1300000E+0	7.9346100E-4	0.0000000E+0	0.0000000E+0	0.0000000E+0	1.1400000E-1	6.8100000E-1
NaN	4.1320000E+0	7.9346100E-4	0.0000000E+0	0.0000000E+0	0.0000000E+0	1.2400000E-1	8.2800000E-1
NaN	4.1340000E+0	7.9346100E-4	0.0000000E+0	0.0000000E+0	0.0000000E+0	1.2000000E-1	6.8700000E-1
NaN	4.1360000E+0	7.9346100E-4	0.0000000E+0	0.0000000E+0	0.0000000E+0	1.1400000E-1	6.8000000E-1
NaN	4.1380000E+0	7.9346100E-4	0.0000000E+0	0.0000000E+0	0.0000000E+0	1.2000000E-1	6.8700000E-1
NaN	4.1400000E+0	7.9346100E-4	0.0000000E+0	0.0000000E+0	0.0000000E+0	1.1800000E-1	8.2000000E-1
NaN	4.1420000E+0	7.9346100E-4	0.0000000E+0	0.0000000E+0	0.0000000E+0	1.1400000E-1	6.8200000E-1
NaN	4.1440000E+0	7.9346100E-4	0.0000000E+0	0.0000000E+0	0.0000000E+0	1.1300000E-1	6.8000000E-1
NaN	4.1460000E+0	7.9346100E-4	0.0000000E+0	0.0000000E+0	0.0000000E+0	1.1800000E-1	6.8500000E-1
NaN	4.1480000E+0	7.9346100E-4	0.0000000E+0	0.0000000E+0	0.0000000E+0	1.1800000E-1	8.2100000E-1
NaN	4.1500000E+0	7.9346100E-4	0.0000000E+0	0.0000000E+0	0.0000000E+0	1.2000000E-1	6.8700000E-1
NaN	4.1520000E+0	7.9346100E-4	0.0000000E+0	0.0000000E+0	0.0000000E+0	1.1200000E-1	6.7900000E-1
NaN	4.1540000E+0	7.9346100E-4	0.0000000E+0	0.0000000E+0	0.0000000E+0	1.2500000E-1	6.9100000E-1
NaN	4.1560000E+0	7.9346100E-4	0.0000000E+0	0.0000000E+0	0.0000000E+0	1.1600000E-1	8.1800000E-1
NaN	4.1580000E+0	7.9346100E-4	0.0000000E+0	0.0000000E+0	0.0000000E+0	1.1600000E-1	6.8300000E-1
NaN	4.1600000E+0	7.9346100E-4	0.0000000E+0	0.0000000E+0	0.0000000E+0	1.1500000E-1	6.8100000E-1
NaN	4.1620000E+0	8.5449600E-4	0.0000000E+0	0.0000000E+0	0.0000000E+0	1.2000000E-1	6.8600000E-1
NaN	4.1640000E+0	8.5449600E-4	0.0000000E+0	0.0000000E+0	0.0000000E+0	1.1800000E-1	8.2200000E-1
NaN	4.1660000E+0	8.5449600E-4	0.0000000E+0	0.0000000E+0	0.0000000E+0	1.1700000E-1	6.8400000E-1
NaN	4.1680000E+0	8.5449600E-4	0.0000000E+0	0.0000000E+0	0.0000000E+0	1.2600000E-1	6.9100000E-1
NaN	4.1700000E+0	8.5449600E-4	0.0000000E+0	0.0000000E+0	0.0000000E+0	1.1600000E-1	6.8400000E-1
NaN	4.1720000E+0	8.5449600E-4	0.0000000E+0	0.0000000E+0	0.0000000E+0	1.1800000E-1	8.2200000E-1
NaN	4.1740000E+0	8.5449600E-4	0.0000000E+0	0.0000000E+0	0.0000000E+0	1.2600000E-1	6.9400000E-1
NaN	4.1760000E+0	9.1553100E-4	0.0000000E+0	0.0000000E+0	0.0000000E+0	1.1500000E-1	6.8200000E-1
NaN	4.1780000E+0	9.1553100E-4	0.0000000E+0	0.0000000E+0	0.0000000E+0	1.1800000E-1	6.8500000E-1
NaN	4.1800000E+0	9.1553100E-4	0.0000000E+0	0.0000000E+0	0.0000000E+0	1.2400000E-1	8.2700000E-1
NaN	4.1820000E+0	9.1553100E-4	0.0000000E+0	0.0000000E+0	0.0000000E+0	1.1400000E-1	6.8100000E-1
NaN	4.1840000E+0	9.1553100E-4	0.0000000E+0	0.0000000E+0	0.0000000E+0	1.1200000E-1	6.7700000E-1
NaN	4.1860000E+0	9.7657000E-4	5.8207661E-12	0.0000000E+0	0.0000000E+0	1.1600000E-1	6.8400000E-1
NaN	4.1880000E+0	1.0376100E-3	5.8207661E-12	0.0000000E+0	0.0000000E+0	1.3100000E-1	8.3400000E-1
NaN	4.1900000E+0	1.0986400E-3	0.0000000E+0	0.0000000E+0	0.0000000E+0	1.2800000E-1	6.9600000E-1
NaN	4.1920000E+0	1.1596800E-3	8.2318063E-12	0.0000000E+0	0.0000000E+0	1.3300000E-1	7.0000000E-1
NaN	4.1940000E+0	1.2817500E-3	0.0000000E+0	0.0000000E+0	0.0000000E+0	1.3600000E-1	7.0300000E-1
NaN	4.1960000E+0	1.4038200E-3	0.0000000E+0	0.0000000E+0	0.0000000E+0	1.2800000E-1	8.3100000E-1
NaN	4.1980000E+0	1.4648500E-3	0.0000000E+0	0.0000000E+0	0.0000000E+0	1.2800000E-1	6.9500000E-1
NaN	4.2000000E+0	1.5258900E-3	0.0000000E+0	6.1035600E-5	0.0000000E+0	1.4000000E-1	7.0600000E-1
NaN	4.2020000E+0	1.5258900E-3	0.0000000E+0	6.1035600E-5	0.0000000E+0	1.4400000E-1	7.1200000E-1
NaN	4.2040000E+0	1.5258900E-3	0.0000000E+0	6.1035600E-5	0.0000000E+0	1.4100000E-1	8.4300000E-1
NaN	4.2060000E+0	1.4648500E-3	0.0000000E+0	0.0000000E+0	0.0000000E+0	1.2800000E-1	6.9500000E-1
NaN	4.2080000E+0	1.3427800E-3	8.2318063E-12	0.0000000E+0	0.0000000E+0	1.2800000E-1	6.9500000E-1
NaN	4.2100000E+0	1.2207100E-3	0.0000000E+0	0.0000000E+0	0.0000000E+0	1.3000000E-1	6.9700000E-1
NaN	4.2120000E+0	1.1596800E-3	8.2318063E-12	0.0000000E+0	0.0000000E+0	1.3000000E-1	8.3300000E-1
NaN	4.2140000E+0	1.0986400E-3	0.0000000E+0	0.0000000E+0	0.0000000E+0	1.2800000E-1	6.9600000E-1
NaN	4.2160000E+0	1.0376100E-3	5.8207661E-12	0.0000000E+0	0.0000000E+0	1.3400000E-1	7.0000000E-1
NaN	4.2180000E+0	9.7657000E-4	5.8207661E-12	0.0000000E+0	0.0000000E+0	1.3400000E-1	7.0000000E-1
NaN	4.2200000E+0	9.7657000E-4	5.8207661E-12	0.0000000E+0	0.0000000E+0	1.3300000E-1	8.3500000E-1
NaN	4.2220000E+0	9.7657000E-4	5.8207661E-12	0.0000000E+0	0.0000000E+0	1.3000000E-1	6.9700000E-1
NaN	4.2240000E+0	9.7657000E-4	5.8207661E-12	0.0000000E+0	0.0000000E+0	1.3200000E-1	6.9900000E-1
NaN	4.2260000E+0	9.1553100E-4	0.0000000E+0	0.0000000E+0	0.0000000E+0	1.2200000E-1	6.8900000E-1
NaN	4.2280000E+0	9.1553100E-4	0.0000000E+0	0.0000000E+0	0.0000000E+0	1.1800000E-1	8.2000000E-1
NaN	4.2300000E+0	9.1553100E-4	0.0000000E+0	0.0000000E+0	0.0000000E+0	1.1800000E-1	6.8500000E-1
NaN	4.2320000E+0	9.1553100E-4	0.0000000E+0	0.0000000E+0	0.0000000E+0	1.1600000E-1	6.8200000E-1
NaN	4.2340000E+0	9.1553100E-4	0.0000000E+0	0.0000000E+0	0.0000000E+0	1.1800000E-1	6.8400000E-1
NaN	4.2360000E+0	9.1553100E-4	0.0000000E+0	0.0000000E+0	0.0000000E+0	1.1600000E-1	8.1900000E-1
NaN	4.2380000E+0	9.1553100E-4	0.0000000E+0	0.0000000E+0	0.0000000E+0	1.1600000E-1	6.8200000E-1
NaN	4.2400000E+0	9.1553100E-4	0.0000000E+0	0.0000000E+0	0.0000000E+0	1.2400000E-1	6.9100000E-1
NaN	4.2420000E+0	9.1553100E-4	0.0000000E+0	0.0000000E+0	0.0000000E+0	1.1800000E-1	6.8500000E-1
NaN	4.2440000E+0	9.1553100E-4	0.0000000E+0	0.0000000E+0	0.0000000E+0	1.1600000E-1	8.1900000E-1
NaN	4.2460000E+0	9.1553100E-4	0.0000000E+0	0.0000000E+0	0.0000000E+0	1.2400000E-1	6.9100000E-1
NaN	4.2480000E+0	9.1553100E-4	0.0000000E+0	0.0000000E+0	0.0000000E+0	1.3400000E-1	7.0100000E-1
NaN	4.2500000E+0	9.1553100E-4	0.0000000E+0	0.0000000E+0	0.0000000E+0	1.3100000E-1	6.9800000E-1
NaN	4.2520000E+0	9.1553100E-4	0.0000000E+0	0.0000000E+0	0.0000000E+0	1.4200000E-1	8.4500000E-1
NaN	4.2540000E+0	9.1553100E-4	0.0000000E+0	0.0000000E+0	0.0000000E+0	1.3200000E-1	6.9900000E-1
NaN	4.2560000E+0	9.1553100E-4	0.0000000E+0	0.0000000E+0	0.0000000E+0	1.3600000E-1	7.0400000E-1
NaN	4.2580000E+0	9.1553100E-4	0.0000000E+0	0.0000000E+0	0.0000000E+0	1.3600000E-1	7.0300000E-1
NaN	4.2600000E+0	9.1553100E-4	0.0000000E+0	0.0000000E+0	0.0000000E+0	1.3400000E-1	8.3600000E-1
NaN	4.2620000E+0	9.7657000E-4	5.8207661E-12	0.0000000E+0	0.0000000E+0	1.3000000E-1	6.9700000E-1
NaN	4.2640000E+0	9.7657000E-4	5.8207661E-12	0.0000000E+0	0.0000000E+0	1.3400000E-1	7.0000000E-1
NaN	4.2660000E+0	9.7657000E-4	5.8207661E-12	0.0000000E+0	0.0000000E+0	1.3600000E-1	7.0200000E-1
NaN	4.2680000E+0	9.7657000E-4	5.8207661E-12	0.0000000E+0	0.0000000E+0	1.3000000E-1	8.3400000E-1
NaN	4.2700000E+0	9.7657000E-4	5.8207661E-12	0.0000000E+0	0.0000000E+0	1.3000000E-1	6.9700000E-1
NaN	4.2720000E+0	9.7657000E-4	5.8207661E-12	0.0000000E+0	0.0000000E+0	1.4000000E-1	7.0800000E-1
NaN	4.2740000E+0	9.7657000E-4	5.8207661E-12	0.0000000E+0	0.0000000E+0	1.2600000E-1	6.9300000E-1
NaN	4.2760000E+0	9.7657000E-4	5.8207661E-12	0.0000000E+0	0.0000000E+0	1.3000000E-1	8.3400000E-1
NaN	4.2780000E+0	9.7657000E-4	5.8207661E-12	0.0000000E+0	0.0000000E+0	1.4000000E-1	7.0700000E-1
NaN	4.2800000E+0	9.7657000E-4	5.8207661E-12	0.0000000E+0	0.0000000E+0	1.3100000E-1	6.9700000E-1
NaN	4.2820000E+0	9.7657000E-4	5.8207661E-12	0.0000000E+0	0.0000000E+0	1.3400000E-1	7.0100000E-1
NaN	4.2840000E+0	9.7657000E-4	5.8207661E-12	0.0000000E+0	0.0000000E+0	1.3400000E-1	8.3700000E-1
NaN	4.2860000E+0	9.7657000E-4	5.8207661E-12	0.0000000E+0	0.0000000E+0	1.3300000E-1	6.9900000E-1
NaN	4.2880000E+0	9.7657000E-4	5.8207661E-12	0.0000000E+0	0.0000000E+0	1.3000000E-1	6.9700000E-1
NaN	4.2900000E+0	1.0376100E-3	5.8207661E-12	0.0000000E+0	0.0000000E+0	1.3400000E-1	7.0200000E-1
NaN	4.2920000E+0	1.0376100E-3	5.8207661E-12	0.0000000E+0	0.0000000E+0	1.2600000E-1	8.2900000E-1
NaN	4.2940000E+0	1.0376100E-3	5.8207661E-12	0.0000000E+0	0.0000000E+0	1.3200000E-1	6.9800000E-1
NaN	4.2960000E+0	1.0986400E-3	0.0000000E+0	0.0000000E+0	0.0000000E+0	1.2600000E-1	6.9300000E-1
NaN	4.2980000E+0	1.0986400E-3	0.0000000E+0	0.0000000E+0	0.0000000E+0	1.2700000E-1	6.9400000E-1
NaN	4.3000000E+0	1.0986400E-3	0.0000000E+0	0.0000000E+0	0.0000000E+0	1.3000000E-1	8.3400000E-1
NaN	4.3020000E+0	1.0986400E-3	0.0000000E+0	0.0000000E+0	0.0000000E+0	1.3100000E-1	6.9800000E-1
NaN	4.3040000E+0	1.0986400E-3	0.0000000E+0	0.0000000E+0	0.0000000E+0	1.3000000E-1	6.9700000E-1
NaN	4.3060000E+0	1.0986400E-3	0.0000000E+0	0.0000000E+0	0.0000000E+0	1.3000000E-1	6.9900000E-1
NaN	4.3080000E+0	1.0986400E-3	0.0000000E+0	0.0000000E+0	0.0000000E+0	1.2800000E-1	6.9500000E-1
NaN	4.3100000E+0	1.0986400E-3	0.0000000E+0	0.0000000E+0	0.0000000E+0	1.2600000E-1	8.2800000E-1
NaN	4.3120000E+0	1.1596800E-3	8.2318063E-12	0.0000000E+0	0.0000000E+0	1.2800000E-1	6.9600000E-1
NaN	4.3140000E+0	1.1596800E-3	8.2318063E-12	0.0000000E+0	0.0000000E+0	1.3000000E-1	6.9700000E-1
NaN	4.3160000E+0	1.2207100E-3	0.0000000E+0	0.0000000E+0	0.0000000E+0	1.3400000E-1	7.0200000E-1
NaN	4.3180000E+0	1.2207100E-3	0.0000000E+0	0.0000000E+0	0.0000000E+0	1.2400000E-1	8.2800000E-1
NaN	4.3200000E+0	1.2817500E-3	0.0000000E+0	4.8828480E-5	1.2207120E-5	1.3600000E-1	7.0200000E-1
NaN	4.3220000E+0	1.2817500E-3	0.0000000E+0	6.1035600E-5	0.0000000E+0	1.4400000E-1	7.1100000E-1
NaN	4.3240000E+0	1.3427800E-3	8.2318063E-12	6.1035600E-5	0.0000000E+0	1.4100000E-1	7.0800000E-1
NaN	4.3260000E+0	1.3427800E-3	8.2318063E-12	6.1035600E-5	0.0000000E+0	1.4600000E-1	8.4900000E-1
NaN	4.3280000E+0	1.4648500E-3	0.0000000E+0	6.1035600E-5	0.0000000E+0	1.4000000E-1	7.0700000E-1
NaN	4.3300000E+0	1.5869200E-3	0.0000000E+0	6.1035600E-5	0.0000000E+0	1.5100000E-1	7.1700000E-1
NaN	4.3320000E+0	1.7089900E-3	0.0000000E+0	6.1035600E-5	0.0000000E+0	1.4000000E-1	7.0700000E-1
NaN	4.3340000E+0	1.9165160E-3	1.4951685E-5	6.1035600E-5	0.0000000E+0	1.5400000E-1	8.5800000E-1
NaN	4.3360000E+0	2.0752100E-3	0.0000000E+0	1.2207100E-4	1.0289758E-12	1.5600000E-1	7.2300000E-1
NaN	4.3380000E+0	2.2583200E-3	0.0000000E+0	1.2207100E-4	1.0289758E-12	1.5600000E-1	7.2200000E-1
NaN	4.3400000E+0	2.4048020E-3	1.4949236E-5	1.2207100E-4	1.0289758E-12	1.4600000E-1	7.1300000E-1
NaN	4.3420000E+0	2.5634900E-3	0.0000000E+0	1.2207100E-4	1.0289758E-12	1.5500000E-1	8.5700000E-1
NaN	4.3440000E+0	2.5634900E-3	0.0000000E+0	1.2207100E-4	1.0289758E-12	1.4600000E-1	7.1300000E-1
NaN	4.3460000E+0	2.5634900E-3	0.0000000E+0	1.2207100E-4	1.0289758E-12	1.5000000E-1	7.1600000E-1
NaN	4.3480000E+0	2.5634900E-3	0.0000000E+0	1.2207100E-4	1.0289758E-12	1.5600000E-1	7.2200000E-1
NaN	4.3500000E+0	2.4414200E-3	0.0000000E+0	1.2207100E-4	1.0289758E-12	1.5100000E-1	8.5300000E-1
NaN	4.3520000E+0	2.3803900E-3	1.6463613E-11	1.2207100E-4	1.0289758E-12	1.4800000E-1	7.1600000E-1
NaN	4.3540000E+0	2.3193500E-3	1.6463613E-11	1.2207100E-4	1.0289758E-12	1.6300000E-1	7.3000000E-1
NaN	4.3560000E+0	2.1972800E-3	0.0000000E+0	1.2207100E-4	1.0289758E-12	1.5200000E-1	7.2000000E-1
NaN	4.3580000E+0	2.1362500E-3	0.0000000E+0	1.2207100E-4	1.0289758E-12	1.4800000E-1	8.5200000E-1
NaN	4.3600000E+0	2.0752100E-3	0.0000000E+0	1.2207100E-4	1.0289758E-12	1.4600000E-1	7.1300000E-1
NaN	4.3620000E+0	2.0752100E-3	0.0000000E+0	1.2207100E-4	1.0289758E-12	1.4800000E-1	7.1600000E-1
NaN	4.3640000E+0	2.1728680E-3	1.4949236E-5	1.2207100E-4	1.0289758E-12	1.4900000E-1	7.1600000E-1
NaN	4.3660000E+0	2.3193500E-3	1.6463613E-11	1.8310600E-4	1.4551915E-12	1.5000000E-1	8.5300000E-1
NaN	4.3680000E+0	2.5268720E-3	1.4949236E-5	1.8310600E-4	1.4551915E-12	1.5000000E-1	7.1700000E-1
NaN	4.3700000E+0	2.8076300E-3	0.0000000E+0	1.8310600E-4	1.4551915E-12	1.5100000E-1	7.1700000E-1
NaN	4.3720000E+0	3.1982560E-3	1.4951685E-5	2.4414200E-4	2.0579516E-12	1.5400000E-1	7.2000000E-1
NaN	4.3740000E+0	3.7719840E-3	1.2206000E-5	3.0517800E-4	0.0000000E+0	1.5000000E-1	8.5300000E-1
NaN	4.3760000E+0	4.2846980E-3	1.2208000E-5	3.6621300E-4	0.0000000E+0	1.5000000E-1	7.1800000E-1
NaN	4.3780000E+0	4.8462220E-3	1.4949236E-5	4.3945540E-4	1.2207400E-5	1.4800000E-1	7.1500000E-1
NaN	4.3800000E+0	5.3100900E-3	3.2927225E-11	4.8828500E-4	2.9103830E-12	1.5000000E-1	7.1700000E-1
NaN	4.3820000E+0	5.6152600E-3	0.0000000E+0	5.4932000E-4	0.0000000E+0	1.5700000E-1	8.6100000E-1
NaN	4.3840000E+0	5.7373300E-3	3.2927225E-11	5.4932000E-4	0.0000000E+0	1.4800000E-1	7.1500000E-1
NaN	4.3860000E+0	5.7251240E-3	1.2206000E-5	5.4932000E-4	0.0000000E+0	1.4600000E-1	7.1300000E-1
NaN	4.3880000E+0	5.6763000E-3	0.0000000E+0	5.4932000E-4	0.0000000E+0	1.4800000E-1	7.1400000E-1
NaN	4.3900000E+0	5.7983700E-3	0.0000000E+0	5.4932000E-4	0.0000000E+0	1.5200000E-1	8.5400000E-1
NaN	4.3920000E+0	5.9204400E-3	3.2927225E-11	5.4932000E-4	0.0000000E+0	1.4800000E-1	7.1500000E-1
NaN	4.3940000E+0	6.1645800E-3	3.2927225E-11	6.1035500E-4	0.0000000E+0	1.5000000E-1	7.1700000E-1
NaN	4.3960000E+0	6.5429980E-3	1.2208000E-5	6.7139000E-4	4.1159032E-12	1.5000000E-1	7.1500000E-1
NaN	4.3980000E+0	6.9702460E-3	1.2206000E-5	7.3242600E-4	0.0000000E+0	1.4600000E-1	8.5100000E-1
NaN	4.4000000E+0	7.3364560E-3	1.2206000E-5	7.9346100E-4	0.0000000E+0	1.6100000E-1	7.2800000E-1
NaN	4.4020000E+0	7.6294200E-3	0.0000000E+0	7.9346100E-4	0.0000000E+0	1.5000000E-1	7.1600000E-1
NaN	4.4040000E+0	7.7392840E-3	1.2206000E-5	7.9346100E-4	0.0000000E+0	1.5400000E-1	7.2200000E-1
NaN	4.4060000E+0	7.6294200E-3	0.0000000E+0	7.3242600E-4	0.0000000E+0	1.6000000E-1	8.6300000E-1
NaN	4.4080000E+0	7.4463200E-3	0.0000000E+0	6.7139000E-4	4.1159032E-12	1.5000000E-1	7.1500000E-1
NaN	4.4100000E+0	7.3242500E-3	0.0000000E+0	6.1035500E-4	0.0000000E+0	1.5200000E-1	7.2000000E-1
NaN	4.4120000E+0	7.5439740E-3	1.4951685E-5	5.4932000E-4	0.0000000E+0	1.4800000E-1	7.1400000E-1
NaN	4.4140000E+0	8.5693960E-3	1.4951685E-5	6.1035500E-4	0.0000000E+0	1.4400000E-1	8.6800000E-1
NaN	4.4160000E+0	1.0131900E-2	4.3161800E-5	7.2021880E-4	1.2207200E-5	1.5000000E-1	7.1600000E-1
NaN	4.4180000E+0	1.2524480E-2	5.2510222E-5	8.4228900E-4	1.2207000E-5	1.4800000E-1	7.1500000E-1
NaN	4.4200000E+0	1.5612900E-2	5.2514874E-5	9.7657000E-4	5.8207661E-12	1.4000000E-1	7.0700000E-1
NaN	4.4220000E+0	1.9690060E-2	5.6591718E-5	1.0986400E-3	0.0000000E+0	1.4400000E-1	8.4900000E-1
NaN	4.4240000E+0	2.3852660E-2	9.5334981E-5	1.1840920E-3	1.4949236E-5	1.4000000E-1	7.0700000E-1
NaN	4.4260000E+0	2.9309200E-2	1.1320824E-4	1.2817500E-3	0.0000000E+0	1.4200000E-1	7.1000000E-1
NaN	4.4280000E+0	3.5681400E-2	1.3033060E-4	1.4648500E-3	0.0000000E+0	1.4000000E-1	7.0600000E-1
NaN	4.4300000E+0	4.3481680E-2	1.0849335E-4	1.7089900E-3	0.0000000E+0	1.5400000E-1	8.5700000E-1
NaN	4.4320000E+0	5.0366440E-2	1.3006027E-4	1.9897640E-3	1.4951685E-5	1.3800000E-1	7.0600000E-1
NaN	4.4340000E+0	5.7849380E-2	1.4875566E-4	2.3193500E-3	1.6463613E-11	1.4100000E-1	7.0700000E-1
NaN	4.4360000E+0	6.5466800E-2	1.4260714E-4	2.6245300E-3	1.6463613E-11	1.4400000E-1	7.1100000E-1
NaN	4.4380000E+0	7.3840800E-2	1.2115207E-4	2.9297000E-3	0.0000000E+0	1.4600000E-1	8.4900000E-1
NaN	4.4400000E+0	8.2678720E-2	1.9067636E-4	3.1128100E-3	0.0000000E+0	1.3800000E-1	7.0400000E-1
NaN	4.4420000E+0	9.8145000E-2	3.5588014E-4	3.6377080E-3	1.4949236E-5	1.4400000E-1	7.1000000E-1
NaN	4.4440000E+0	1.2309600E-1	5.3576618E-4	4.5288400E-3	2.2837473E-5	1.3800000E-1	7.0500000E-1
NaN	4.4460000E+0	1.6630960E-1	6.5773350E-4	6.2256160E-3	2.7295682E-5	1.4200000E-1	8.4500000E-1
NaN	4.4480000E+0	2.1702980E-1	1.1440949E-3	8.2642220E-3	5.6601207E-5	1.4200000E-1	7.0800000E-1
NaN	4.4500000E+0	2.8789260E-1	1.3597179E-3	1.0974200E-2	5.2503248E-5	1.4000000E-1	7.0800000E-1
NaN	4.4520000E+0	3.5807060E-1	1.4396595E-3	1.3391160E-2	4.9580022E-5	1.3200000E-1	6.9800000E-1
NaN	4.4540000E+0	4.3415700E-1	9.2476013E-4	1.5759400E-2	2.2824110E-5	1.3200000E-1	8.3400000E-1
NaN	4.4560000E+0	4.7590520E-1	7.3607380E-4	1.6943500E-2	2.4400000E-5	1.3400000E-1	7.0100000E-1
NaN	4.4580000E+0	4.9234820E-1	2.3851088E-4	1.7309700E-2	1.4941887E-5	1.3400000E-1	7.0100000E-1
NaN	4.4600000E+0	4.7308540E-1	5.3756996E-4	1.6845800E-2	0.0000000E+0	1.3800000E-1	7.0500000E-1
NaN	4.4620000E+0	4.1832460E-1	7.7445714E-4	1.5368720E-2	2.2840149E-5	1.3400000E-1	8.3700000E-1
NaN	4.4640000E+0	3.5454280E-1	1.3744120E-3	1.3354540E-2	4.4848797E-5	1.3800000E-1	7.0500000E-1
NaN	4.4660000E+0	2.8191100E-1	1.4188125E-3	1.0864320E-2	4.3168871E-5	1.3600000E-1	7.0500000E-1
NaN	4.4680000E+0	2.1346540E-1	1.3514952E-3	8.3252560E-3	5.6601854E-5	1.4600000E-1	7.1200000E-1
NaN	4.4700000E+0	1.5413920E-1	6.9922903E-4	6.0547200E-3	3.5588529E-5	1.3800000E-1	8.4000000E-1
NaN	4.4720000E+0	1.1854300E-1	6.7063455E-4	4.6997360E-3	2.7295682E-5	1.3200000E-1	6.9900000E-1
NaN	4.4740000E+0	9.2932580E-2	4.6426447E-4	3.7109500E-3	2.2837473E-5	1.4200000E-1	7.0800000E-1
NaN	4.4760000E+0	7.8223120E-2	2.6855614E-4	3.1738400E-3	0.0000000E+0	1.4600000E-1	7.1400000E-1
NaN	4.4780000E+0	6.8799300E-2	1.2115207E-4	2.8320460E-3	1.4951685E-5	1.4200000E-1	8.4600000E-1
NaN	4.4800000E+0	6.2903300E-2	1.2597283E-4	2.6245300E-3	1.6463613E-11	1.5000000E-1	7.1600000E-1
NaN	4.4820000E+0	5.6372300E-2	1.3454730E-4	2.3071440E-3	1.2206000E-5	1.4000000E-1	7.0900000E-1
NaN	4.4840000E+0	4.8742920E-2	1.5148344E-4	1.9165160E-3	1.4951685E-5	1.4000000E-1	7.0600000E-1
NaN	4.4860000E+0	3.9575400E-2	1.1677044E-4	1.4770580E-3	1.2208000E-5	1.5200000E-1	8.5500000E-1
NaN	4.4880000E+0	3.2239020E-2	1.5246362E-4	1.1718860E-3	1.2206000E-5	1.4000000E-1	7.0800000E-1
NaN	4.4900000E+0	2.5622680E-2	1.1804026E-4	9.7657000E-4	5.8207661E-12	1.4500000E-1	7.1200000E-1
NaN	4.4920000E+0	2.0764260E-2	9.5334341E-5	8.5449600E-4	0.0000000E+0	1.5000000E-1	7.1700000E-1
NaN	4.4940000E+0	1.6552860E-2	5.2511385E-5	8.0566800E-4	1.2207000E-5	1.4300000E-1	8.4700000E-1
NaN	4.4960000E+0	1.3928280E-2	5.2510222E-5	7.9346100E-4	0.0000000E+0	1.3900000E-1	7.0500000E-1
NaN	4.4980000E+0	1.1425840E-2	5.2495110E-5	7.3242600E-4	0.0000000E+0	1.4500000E-1	7.1100000E-1
NaN	4.5000000E+0	9.4605080E-3	4.3158262E-5	6.1035500E-4	0.0000000E+0	1.4600000E-1	7.1300000E-1
NaN	4.5020000E+0	7.7759180E-3	1.4959034E-5	4.8828500E-4	2.9103830E-12	1.4300000E-1	8.4600000E-1
NaN	4.5040000E+0	6.8359660E-3	2.7295682E-5	4.2724800E-4	0.0000000E+0	1.4800000E-1	7.1400000E-1
NaN	4.5060000E+0	6.2988580E-3	1.2208000E-5	4.2724800E-4	0.0000000E+0	1.5000000E-1	7.1800000E-1
NaN	4.5080000E+0	6.2256200E-3	0.0000000E+0	4.2724800E-4	0.0000000E+0	1.4800000E-1	7.1500000E-1
NaN	4.5100000E+0	6.4087200E-3	0.0000000E+0	4.8828500E-4	2.9103830E-12	1.6200000E-1	8.6300000E-1
NaN	4.5120000E+0	6.6284480E-3	1.4949236E-5	5.2490600E-4	1.4950461E-5	1.4600000E-1	7.1300000E-1
NaN	4.5140000E+0	6.8847940E-3	1.2206000E-5	5.4932000E-4	0.0000000E+0	1.4800000E-1	7.1500000E-1
NaN	4.5160000E+0	6.8970000E-3	0.0000000E+0	6.1035500E-4	0.0000000E+0	1.4200000E-1	7.1000000E-1
NaN	4.5180000E+0	6.8115540E-3	1.4951685E-5	6.1035500E-4	0.0000000E+0	1.5200000E-1	8.5500000E-1
NaN	4.5200000E+0	6.6528600E-3	4.6566129E-11	5.4932000E-4	0.0000000E+0	1.5200000E-1	7.1900000E-1
NaN	4.5220000E+0	6.4087200E-3	0.0000000E+0	5.4932000E-4	0.0000000E+0	1.4800000E-1	7.1600000E-1
NaN	4.5240000E+0	6.1645800E-3	3.2927225E-11	5.4932000E-4	0.0000000E+0	1.5000000E-1	7.1700000E-1
NaN	4.5260000E+0	5.9448560E-3	1.4951685E-5	4.8828500E-4	2.9103830E-12	1.5000000E-1	8.5300000E-1
NaN	4.5280000E+0	5.8594000E-3	0.0000000E+0	4.8828500E-4	2.9103830E-12	1.5400000E-1	7.2100000E-1
NaN	4.5300000E+0	5.7983700E-3	0.0000000E+0	4.8828500E-4	2.9103830E-12	1.4800000E-1	7.1400000E-1
NaN	4.5320000E+0	5.7983700E-3	0.0000000E+0	4.8828500E-4	2.9103830E-12	1.5000000E-1	7.1800000E-1
NaN	4.5340000E+0	5.7983700E-3	0.0000000E+0	4.8828500E-4	2.9103830E-12	1.5800000E-1	8.6200000E-1
NaN	4.5360000E+0	5.7129180E-3	1.4949236E-5	4.2724800E-4	0.0000000E+0	1.4800000E-1	7.1500000E-1
NaN	4.5380000E+0	5.5053980E-3	1.2208000E-5	4.2724800E-4	0.0000000E+0	1.4400000E-1	7.1100000E-1
NaN	4.5400000E+0	5.1636040E-3	1.4951685E-5	4.2724800E-4	0.0000000E+0	1.5000000E-1	7.1700000E-1
NaN	4.5420000E+0	4.6631160E-3	1.4951685E-5	3.6621300E-4	0.0000000E+0	1.4800000E-1	8.5100000E-1
NaN	4.5440000E+0	4.1748360E-3	1.4951685E-5	3.0517800E-4	0.0000000E+0	1.4600000E-1	7.1300000E-1
NaN	4.5460000E+0	3.6865360E-3	1.4951685E-5	2.4414200E-4	2.0579516E-12	1.5000000E-1	7.1800000E-1
NaN	4.5480000E+0	3.2226700E-3	2.2837473E-5	1.8310600E-4	1.4551915E-12	1.4100000E-1	7.0800000E-1
NaN	4.5500000E+0	2.7710120E-3	1.4949236E-5	1.8310600E-4	1.4551915E-12	1.5000000E-1	8.5300000E-1
NaN	4.5520000E+0	2.4536280E-3	1.2208000E-5	1.2207100E-4	1.0289758E-12	1.5600000E-1	7.2300000E-1
NaN	4.5540000E+0	2.2216960E-3	1.4951685E-5	1.2207100E-4	1.0289758E-12	1.4900000E-1	7.1500000E-1
NaN	4.5560000E+0	2.0752100E-3	0.0000000E+0	1.2207100E-4	1.0289758E-12	1.4800000E-1	7.1400000E-1
NaN	4.5580000E+0	2.0141800E-3	0.0000000E+0	1.2207100E-4	1.0289758E-12	1.5400000E-1	8.5800000E-1
NaN	4.5600000E+0	2.0141800E-3	0.0000000E+0	1.2207100E-4	1.0289758E-12	1.4500000E-1	7.1100000E-1
NaN	4.5620000E+0	2.0752100E-3	0.0000000E+0	1.2207100E-4	1.0289758E-12	1.5200000E-1	7.1900000E-1
NaN	4.5640000E+0	2.1972800E-3	0.0000000E+0	1.2207100E-4	1.0289758E-12	1.5400000E-1	7.2200000E-1
NaN	4.5660000E+0	2.2949380E-3	1.4949236E-5	1.2207100E-4	1.0289758E-12	1.5300000E-1	8.5600000E-1
NaN	4.5680000E+0	2.3803900E-3	1.6463613E-11	1.2207100E-4	1.0289758E-12	1.4600000E-1	7.1300000E-1
NaN	4.5700000E+0	2.5024600E-3	0.0000000E+0	1.2207100E-4	1.0289758E-12	1.5800000E-1	7.2500000E-1
NaN	4.5720000E+0	2.6245300E-3	1.6463613E-11	1.2207100E-4	1.0289758E-12	1.5000000E-1	7.1700000E-1
NaN	4.5740000E+0	2.6855600E-3	1.6463613E-11	1.2207100E-4	1.0289758E-12	1.4800000E-1	7.1500000E-1
NaN	4.5760000E+0	2.6855600E-3	1.6463613E-11	1.2207100E-4	1.0289758E-12	1.5600000E-1	8.6000000E-1
NaN	4.5780000E+0	2.6245300E-3	1.6463613E-11	1.2207100E-4	1.0289758E-12	1.4800000E-1	7.1400000E-1
NaN	4.5800000E+0	2.5634900E-3	0.0000000E+0	1.2207100E-4	1.0289758E-12	1.4800000E-1	7.1600000E-1
NaN	4.5820000E+0	2.4292140E-3	1.2206000E-5	1.2207100E-4	1.0289758E-12	1.4500000E-1	7.1200000E-1
NaN	4.5840000E+0	2.2583200E-3	0.0000000E+0	1.2207100E-4	1.0289758E-12	1.4800000E-1	8.5200000E-1
NaN	4.5860000E+0	2.0752100E-3	0.0000000E+0	6.1035600E-5	0.0000000E+0	1.4600000E-1	7.1200000E-1
NaN	4.5880000E+0	1.8921000E-3	0.0000000E+0	6.1035600E-5	0.0000000E+0	1.4900000E-1	7.1700000E-1
NaN	4.5900000E+0	1.7089900E-3	0.0000000E+0	6.1035600E-5	0.0000000E+0	1.4600000E-1	7.1300000E-1
NaN	4.5920000E+0	1.5869200E-3	0.0000000E+0	6.1035600E-5	0.0000000E+0	1.4400000E-1	8.4800000E-1
NaN	4.5940000E+0	1.4648500E-3	0.0000000E+0	6.1035600E-5	0.0000000E+0	1.5500000E-1	7.2200000E-1
NaN	4.5960000E+0	1.4038200E-3	0.0000000E+0	6.1035600E-5	0.0000000E+0	1.4600000E-1	7.1300000E-1
NaN	4.5980000E+0	1.3427800E-3	8.2318063E-12	6.1035600E-5	0.0000000E+0	1.4600000E-1	7.1300000E-1
NaN	4.6000000E+0	1.2817500E-3	0.0000000E+0	6.1035600E-5	0.0000000E+0	1.4300000E-1	8.4600000E-1
NaN	4.6020000E+0	1.2817500E-3	0.0000000E+0	0.0000000E+0	0.0000000E+0	1.2800000E-1	6.9500000E-1
NaN	4.6040000E+0	1.2817500E-3	0.0000000E+0	0.0000000E+0	0.0000000E+0	1.3400000E-1	7.0000000E-1
NaN	4.6060000E+0	1.2207100E-3	0.0000000E+0	0.0000000E+0	0.0000000E+0	1.2400000E-1	6.9000000E-1
NaN	4.6080000E+0	1.2207100E-3	0.0000000E+0	0.0000000E+0	0.0000000E+0	1.2600000E-1	8.2800000E-1
NaN	4.6100000E+0	1.1596800E-3	8.2318063E-12	0.0000000E+0	0.0000000E+0	1.3200000E-1	7.0000000E-1
NaN	4.6120000E+0	1.1596800E-3	8.2318063E-12	0.0000000E+0	0.0000000E+0	1.2800000E-1	6.9500000E-1
NaN	4.6140000E+0	1.0986400E-3	0.0000000E+0	0.0000000E+0	0.0000000E+0	1.2800000E-1	6.9600000E-1
NaN	4.6160000E+0	1.0986400E-3	0.0000000E+0	0.0000000E+0	0.0000000E+0	1.2400000E-1	8.2700000E-1
NaN	4.6180000E+0	1.0986400E-3	0.0000000E+0	0.0000000E+0	0.0000000E+0	1.2600000E-1	6.9200000E-1
NaN	4.6200000E+0	1.0986400E-3	0.0000000E+0	0.0000000E+0	0.0000000E+0	1.3000000E-1	6.9800000E-1
NaN	4.6220000E+0	1.0986400E-3	0.0000000E+0	0.0000000E+0	0.0000000E+0	1.3200000E-1	6.9900000E-1
NaN	4.6240000E+0	1.0986400E-3	0.0000000E+0	0.0000000E+0	0.0000000E+0	1.2800000E-1	8.3000000E-1
NaN	4.6260000E+0	1.0986400E-3	0.0000000E+0	0.0000000E+0	0.0000000E+0	1.2800000E-1	6.9500000E-1
NaN	4.6280000E+0	1.0986400E-3	0.0000000E+0	0.0000000E+0	0.0000000E+0	1.2200000E-1	6.8800000E-1
NaN	4.6300000E+0	1.0986400E-3	0.0000000E+0	0.0000000E+0	0.0000000E+0	1.3000000E-1	6.9700000E-1
NaN	4.6320000E+0	1.0742280E-3	1.4949236E-5	0.0000000E+0	0.0000000E+0	1.2800000E-1	8.3100000E-1
NaN	4.6340000E+0	1.0376100E-3	5.8207661E-12	0.0000000E+0	0.0000000E+0	1.2800000E-1	6.9500000E-1
NaN	4.6360000E+0	1.0376100E-3	5.8207661E-12	0.0000000E+0	0.0000000E+0	1.3200000E-1	6.9800000E-1
NaN	4.6380000E+0	1.0376100E-3	5.8207661E-12	0.0000000E+0	0.0000000E+0	1.2900000E-1	6.9600000E-1
NaN	4.6400000E+0	9.7657000E-4	5.8207661E-12	0.0000000E+0	0.0000000E+0	1.3600000E-1	8.4000000E-1
NaN	4.6420000E+0	9.7657000E-4	5.8207661E-12	0.0000000E+0	0.0000000E+0	1.3000000E-1	6.9600000E-1
NaN	4.6440000E+0	9.7657000E-4	5.8207661E-12	0.0000000E+0	0.0000000E+0	1.4000000E-1	7.0700000E-1
NaN	4.6460000E+0	9.7657000E-4	5.8207661E-12	0.0000000E+0	0.0000000E+0	1.3000000E-1	6.9600000E-1
NaN	4.6480000E+0	9.7657000E-4	5.8207661E-12	0.0000000E+0	0.0000000E+0	1.3300000E-1	8.3700000E-1
NaN	4.6500000E+0	9.7657000E-4	5.8207661E-12	0.0000000E+0	0.0000000E+0	1.3900000E-1	7.0600000E-1
NaN	4.6520000E+0	9.7657000E-4	5.8207661E-12	0.0000000E+0	0.0000000E+0	1.3600000E-1	7.0200000E-1
NaN	4.6540000E+0	9.7657000E-4	5.8207661E-12	0.0000000E+0	0.0000000E+0	1.2800000E-1	6.9600000E-1
NaN	4.6560000E+0	9.7657000E-4	5.8207661E-12	0.0000000E+0	0.0000000E+0	1.3800000E-1	8.4100000E-1
NaN	4.6580000E+0	9.7657000E-4	5.8207661E-12	0.0000000E+0	0.0000000E+0	1.3000000E-1	6.9700000E-1
NaN	4.6600000E+0	9.7657000E-4	5.8207661E-12	0.0000000E+0	0.0000000E+0	1.3300000E-1	6.9900000E-1
NaN	4.6620000E+0	9.7657000E-4	5.8207661E-12	0.0000000E+0	0.0000000E+0	1.3000000E-1	6.9700000E-1
NaN	4.6640000E+0	9.7657000E-4	5.8207661E-12	0.0000000E+0	0.0000000E+0	1.3400000E-1	8.3800000E-1
NaN	4.6660000E+0	9.7657000E-4	5.8207661E-12	0.0000000E+0	0.0000000E+0	1.2700000E-1	6.9400000E-1
NaN	4.6680000E+0	9.1553100E-4	0.0000000E+0	0.0000000E+0	0.0000000E+0	1.3200000E-1	6.9900000E-1
NaN	4.6700000E+0	9.1553100E-4	0.0000000E+0	0.0000000E+0	0.0000000E+0	1.3600000E-1	7.0200000E-1
NaN	4.6720000E+0	9.1553100E-4	0.0000000E+0	0.0000000E+0	0.0000000E+0	1.3500000E-1	8.3800000E-1
NaN	4.6740000E+0	9.1553100E-4	0.0000000E+0	0.0000000E+0	0.0000000E+0	1.3200000E-1	6.9900000E-1
NaN	4.6760000E+0	9.1553100E-4	0.0000000E+0	0.0000000E+0	0.0000000E+0	1.4000000E-1	7.0700000E-1
NaN	4.6780000E+0	9.1553100E-4	0.0000000E+0	0.0000000E+0	0.0000000E+0	1.3200000E-1	6.9900000E-1
NaN	4.6800000E+0	9.1553100E-4	0.0000000E+0	0.0000000E+0	0.0000000E+0	1.3200000E-1	8.3300000E-1
NaN	4.6820000E+0	9.1553100E-4	0.0000000E+0	0.0000000E+0	0.0000000E+0	1.3800000E-1	7.0600000E-1
NaN	4.6840000E+0	9.1553100E-4	0.0000000E+0	0.0000000E+0	0.0000000E+0	1.3200000E-1	6.9900000E-1
NaN	4.6860000E+0	9.1553100E-4	0.0000000E+0	0.0000000E+0	0.0000000E+0	1.3200000E-1	6.9900000E-1
NaN	4.6880000E+0	9.1553100E-4	0.0000000E+0	0.0000000E+0	0.0000000E+0	1.2300000E-1	8.2600000E-1
NaN	4.6900000E+0	9.1553100E-4	0.0000000E+0	0.0000000E+0	0.0000000E+0	1.3400000E-1	7.0100000E-1
NaN	4.6920000E+0	9.1553100E-4	0.0000000E+0	0.0000000E+0	0.0000000E+0	1.3200000E-1	6.9900000E-1
NaN	4.6940000E+0	9.1553100E-4	0.0000000E+0	0.0000000E+0	0.0000000E+0	1.1400000E-1	6.8100000E-1
NaN	4.6960000E+0	9.1553100E-4	0.0000000E+0	0.0000000E+0	0.0000000E+0	1.1600000E-1	8.1900000E-1
NaN	4.6980000E+0	9.1553100E-4	0.0000000E+0	0.0000000E+0	0.0000000E+0	1.1300000E-1	6.8000000E-1
NaN	4.7000000E+0	9.1553100E-4	0.0000000E+0	0.0000000E+0	0.0000000E+0	1.1700000E-1	6.8300000E-1
NaN	4.7020000E+0	8.5449600E-4	0.0000000E+0	0.0000000E+0	0.0000000E+0	1.1800000E-1	6.8600000E-1
NaN	4.7040000E+0	8.5449600E-4	0.0000000E+0	0.0000000E+0	0.0000000E+0	1.1800000E-1	8.2200000E-1
NaN	4.7060000E+0	8.5449600E-4	0.0000000E+0	0.0000000E+0	0.0000000E+0	1.1200000E-1	6.7900000E-1
NaN	4.7080000E+0	8.5449600E-4	0.0000000E+0	0.0000000E+0	0.0000000E+0	1.1900000E-1	6.8700000E-1
NaN	4.7100000E+0	8.5449600E-4	0.0000000E+0	0.0000000E+0	0.0000000E+0	1.2200000E-1	6.9000000E-1
NaN	4.7120000E+0	8.5449600E-4	0.0000000E+0	0.0000000E+0	0.0000000E+0	1.1600000E-1	8.1700000E-1
NaN	4.7140000E+0	8.5449600E-4	0.0000000E+0	0.0000000E+0	0.0000000E+0	1.1600000E-1	6.8400000E-1
NaN	4.7160000E+0	8.5449600E-4	0.0000000E+0	0.0000000E+0	0.0000000E+0	1.2000000E-1	6.8700000E-1
NaN	4.7180000E+0	8.5449600E-4	0.0000000E+0	0.0000000E+0	0.0000000E+0	1.2000000E-1	6.8700000E-1
NaN	4.7200000E+0	8.5449600E-4	0.0000000E+0	0.0000000E+0	0.0000000E+0	1.1600000E-1	8.1900000E-1
NaN	4.7220000E+0	8.5449600E-4	0.0000000E+0	0.0000000E+0	0.0000000E+0	1.1600000E-1	6.8200000E-1
NaN	4.7240000E+0	8.5449600E-4	0.0000000E+0	0.0000000E+0	0.0000000E+0	1.1800000E-1	6.8500000E-1
NaN	4.7260000E+0	8.5449600E-4	0.0000000E+0	0.0000000E+0	0.0000000E+0	1.1800000E-1	6.8500000E-1
NaN	4.7280000E+0	8.5449600E-4	0.0000000E+0	0.0000000E+0	0.0000000E+0	1.1800000E-1	8.2000000E-1
NaN	4.7300000E+0	8.5449600E-4	0.0000000E+0	0.0000000E+0	0.0000000E+0	1.1800000E-1	6.8500000E-1
NaN	4.7320000E+0	8.5449600E-4	0.0000000E+0	0.0000000E+0	0.0000000E+0	1.1600000E-1	6.8300000E-1
NaN	4.7340000E+0	8.5449600E-4	0.0000000E+0	0.0000000E+0	0.0000000E+0	1.1400000E-1	6.8100000E-1
NaN	4.7360000E+0	8.5449600E-4	0.0000000E+0	0.0000000E+0	0.0000000E+0	1.2400000E-1	8.2700000E-1
NaN	4.7380000E+0	8.5449600E-4	0.0000000E+0	0.0000000E+0	0.0000000E+0	1.1600000E-1	6.8300000E-1
NaN	4.7400000E+0	8.5449600E-4	0.0000000E+0	0.0000000E+0	0.0000000E+0	1.1600000E-1	6.8400000E-1
NaN	4.7420000E+0	8.5449600E-4	0.0000000E+0	0.0000000E+0	0.0000000E+0	1.1600000E-1	6.8300000E-1
NaN	4.7440000E+0	8.5449600E-4	0.0000000E+0	0.0000000E+0	0.0000000E+0	1.1800000E-1	8.2100000E-1
NaN	4.7460000E+0	8.5449600E-4	0.0000000E+0	0.0000000E+0	0.0000000E+0	1.1600000E-1	6.8300000E-1
NaN	4.7480000E+0	8.5449600E-4	0.0000000E+0	0.0000000E+0	0.0000000E+0	1.1600000E-1	6.8300000E-1
NaN	4.7500000E+0	7.9346100E-4	0.0000000E+0	0.0000000E+0	0.0000000E+0	1.1800000E-1	6.8600000E-1
NaN	4.7520000E+0	7.9346100E-4	0.0000000E+0	0.0000000E+0	0.0000000E+0	1.1800000E-1	8.2100000E-1
NaN	4.7540000E+0	7.9346100E-4	0.0000000E+0	0.0000000E+0	0.0000000E+0	1.1400000E-1	6.8000000E-1
NaN	4.7560000E+0	7.9346100E-4	0.0000000E+0	0.0000000E+0	0.0000000E+0	1.1400000E-1	6.8200000E-1
NaN	4.7580000E+0	7.9346100E-4	0.0000000E+0	0.0000000E+0	0.0000000E+0	1.1800000E-1	6.8400000E-1
NaN	4.7600000E+0	7.9346100E-4	0.0000000E+0	0.0000000E+0	0.0000000E+0	1.1400000E-1	8.1500000E-1
NaN	4.7620000E+0	7.9346100E-4	0.0000000E+0	0.0000000E+0	0.0000000E+0	1.1600000E-1	6.8400000E-1
NaN	4.7640000E+0	7.9346100E-4	0.0000000E+0	0.0000000E+0	0.0000000E+0	1.2200000E-1	6.8900000E-1
NaN	4.7660000E+0	7.9346100E-4	0.0000000E+0	0.0000000E+0	0.0000000E+0	1.1800000E-1	6.8600000E-1
NaN	4.7680000E+0	7.9346100E-4	0.0000000E+0	0.0000000E+0	0.0000000E+0	1.1400000E-1	8.1700000E-1
NaN	4.7700000E+0	7.9346100E-4	0.0000000E+0	0.0000000E+0	0.0000000E+0	1.1800000E-1	6.8500000E-1
NaN	4.7720000E+0	7.9346100E-4	0.0000000E+0	0.0000000E+0	0.0000000E+0	1.1600000E-1	6.8500000E-1
NaN	4.7740000E+0	7.9346100E-4	0.0000000E+0	0.0000000E+0	0.0000000E+0	1.2000000E-1	6.8700000E-1
NaN	4.7760000E+0	7.9346100E-4	0.0000000E+0	0.0000000E+0	0.0000000E+0	1.1400000E-1	8.1700000E-1
NaN	4.7780000E+0	7.9346100E-4	0.0000000E+0	0.0000000E+0	0.0000000E+0	1.2400000E-1	6.9100000E-1
NaN	4.7800000E+0	7.9346100E-4	0.0000000E+0	0.0000000E+0	0.0000000E+0	1.1600000E-1	6.8200000E-1
NaN	4.7820000E+0	7.9346100E-4	0.0000000E+0	0.0000000E+0	0.0000000E+0	1.1800000E-1	6.8500000E-1
NaN	4.7840000E+0	7.9346100E-4	0.0000000E+0	0.0000000E+0	0.0000000E+0	1.2200000E-1	8.2500000E-1
NaN	4.7860000E+0	7.9346100E-4	0.0000000E+0	0.0000000E+0	0.0000000E+0	1.1600000E-1	6.8200000E-1
NaN	4.7880000E+0	7.9346100E-4	0.0000000E+0	0.0000000E+0	0.0000000E+0	1.1800000E-1	6.8400000E-1
NaN	4.7900000E+0	7.9346100E-4	0.0000000E+0	0.0000000E+0	0.0000000E+0	1.1600000E-1	6.8300000E-1
NaN	4.7920000E+0	7.9346100E-4	0.0000000E+0	0.0000000E+0	0.0000000E+0	1.1800000E-1	8.2000000E-1
NaN	4.7940000E+0	7.9346100E-4	0.0000000E+0	0.0000000E+0	0.0000000E+0	1.1000000E-1	6.7700000E-1
NaN	4.7960000E+0	7.9346100E-4	0.0000000E+0	0.0000000E+0	0.0000000E+0	1.1600000E-1	6.8200000E-1
NaN	4.7980000E+0	7.9346100E-4	0.0000000E+0	0.0000000E+0	0.0000000E+0	1.1200000E-1	6.7800000E-1
NaN	4.8000000E+0	7.9346100E-4	0.0000000E+0	0.0000000E+0	0.0000000E+0	1.1700000E-1	8.2100000E-1
